Date,Adj Close,Close,High,Low,Open,Volume
1962-01-02 00:00:00,,,,,,
1962-01-03 00:00:00,,,,,,
1962-01-04 00:00:00,,,,,,
1962-01-05 00:00:00,,,,,,
1962-01-08 00:00:00,,,,,,
1962-01-09 00:00:00,,,,,,
1962-01-10 00:00:00,,,,,,
1962-01-11 00:00:00,,,,,,
1962-01-12 00:00:00,,,,,,
1962-01-15 00:00:00,,,,,,
1962-01-16 00:00:00,,,,,,
1962-01-17 00:00:00,,,,,,
1962-01-18 00:00:00,,,,,,
1962-01-19 00:00:00,,,,,,
1962-01-22 00:00:00,,,,,,
1962-01-23 00:00:00,,,,,,
1962-01-24 00:00:00,,,,,,
1962-01-25 00:00:00,,,,,,
1962-01-26 00:00:00,,,,,,
1962-01-29 00:00:00,,,,,,
1962-01-30 00:00:00,,,,,,
1962-01-31 00:00:00,,,,,,
1962-02-01 00:00:00,,,,,,
1962-02-02 00:00:00,,,,,,
1962-02-05 00:00:00,,,,,,
1962-02-06 00:00:00,,,,,,
1962-02-07 00:00:00,,,,,,
1962-02-08 00:00:00,,,,,,
1962-02-09 00:00:00,,,,,,
1962-02-12 00:00:00,,,,,,
1962-02-13 00:00:00,,,,,,
1962-02-14 00:00:00,,,,,,
1962-02-15 00:00:00,,,,,,
1962-02-16 00:00:00,,,,,,
1962-02-19 00:00:00,,,,,,
1962-02-20 00:00:00,,,,,,
1962-02-21 00:00:00,,,,,,
1962-02-23 00:00:00,,,,,,
1962-02-26 00:00:00,,,,,,
1962-02-27 00:00:00,,,,,,
1962-02-28 00:00:00,,,,,,
1962-03-01 00:00:00,,,,,,
1962-03-02 00:00:00,,,,,,
1962-03-05 00:00:00,,,,,,
1962-03-06 00:00:00,,,,,,
1962-03-07 00:00:00,,,,,,
1962-03-08 00:00:00,,,,,,
1962-03-09 00:00:00,,,,,,
1962-03-12 00:00:00,,,,,,
1962-03-13 00:00:00,,,,,,
1962-03-14 00:00:00,,,,,,
1962-03-15 00:00:00,,,,,,
1962-03-16 00:00:00,,,,,,
1962-03-19 00:00:00,,,,,,
1962-03-20 00:00:00,,,,,,
1962-03-21 00:00:00,,,,,,
1962-03-22 00:00:00,,,,,,
1962-03-23 00:00:00,,,,,,
1962-03-26 00:00:00,,,,,,
1962-03-27 00:00:00,,,,,,
1962-03-28 00:00:00,,,,,,
1962-03-29 00:00:00,,,,,,
1962-03-30 00:00:00,,,,,,
1962-04-02 00:00:00,,,,,,
1962-04-03 00:00:00,,,,,,
1962-04-04 00:00:00,,,,,,
1962-04-05 00:00:00,,,,,,
1962-04-06 00:00:00,,,,,,
1962-04-09 00:00:00,,,,,,
1962-04-10 00:00:00,,,,,,
1962-04-11 00:00:00,,,,,,
1962-04-12 00:00:00,,,,,,
1962-04-13 00:00:00,,,,,,
1962-04-16 00:00:00,,,,,,
1962-04-17 00:00:00,,,,,,
1962-04-18 00:00:00,,,,,,
1962-04-19 00:00:00,,,,,,
1962-04-23 00:00:00,,,,,,
1962-04-24 00:00:00,,,,,,
1962-04-25 00:00:00,,,,,,
1962-04-26 00:00:00,,,,,,
1962-04-27 00:00:00,,,,,,
1962-04-30 00:00:00,,,,,,
1962-05-01 00:00:00,,,,,,
1962-05-02 00:00:00,,,,,,
1962-05-03 00:00:00,,,,,,
1962-05-04 00:00:00,,,,,,
1962-05-07 00:00:00,,,,,,
1962-05-08 00:00:00,,,,,,
1962-05-09 00:00:00,,,,,,
1962-05-10 00:00:00,,,,,,
1962-05-11 00:00:00,,,,,,
1962-05-14 00:00:00,,,,,,
1962-05-15 00:00:00,,,,,,
1962-05-16 00:00:00,,,,,,
1962-05-17 00:00:00,,,,,,
1962-05-18 00:00:00,,,,,,
1962-05-21 00:00:00,,,,,,
1962-05-22 00:00:00,,,,,,
1962-05-23 00:00:00,,,,,,
1962-05-24 00:00:00,,,,,,
1962-05-25 00:00:00,,,,,,
1962-05-28 00:00:00,,,,,,
1962-05-29 00:00:00,,,,,,
1962-05-31 00:00:00,,,,,,
1962-06-01 00:00:00,,,,,,
1962-06-04 00:00:00,,,,,,
1962-06-05 00:00:00,,,,,,
1962-06-06 00:00:00,,,,,,
1962-06-07 00:00:00,,,,,,
1962-06-08 00:00:00,,,,,,
1962-06-11 00:00:00,,,,,,
1962-06-12 00:00:00,,,,,,
1962-06-13 00:00:00,,,,,,
1962-06-14 00:00:00,,,,,,
1962-06-15 00:00:00,,,,,,
1962-06-18 00:00:00,,,,,,
1962-06-19 00:00:00,,,,,,
1962-06-20 00:00:00,,,,,,
1962-06-21 00:00:00,,,,,,
1962-06-22 00:00:00,,,,,,
1962-06-25 00:00:00,,,,,,
1962-06-26 00:00:00,,,,,,
1962-06-27 00:00:00,,,,,,
1962-06-28 00:00:00,,,,,,
1962-06-29 00:00:00,,,,,,
1962-07-02 00:00:00,,,,,,
1962-07-03 00:00:00,,,,,,
1962-07-05 00:00:00,,,,,,
1962-07-06 00:00:00,,,,,,
1962-07-09 00:00:00,,,,,,
1962-07-10 00:00:00,,,,,,
1962-07-11 00:00:00,,,,,,
1962-07-12 00:00:00,,,,,,
1962-07-13 00:00:00,,,,,,
1962-07-16 00:00:00,,,,,,
1962-07-17 00:00:00,,,,,,
1962-07-18 00:00:00,,,,,,
1962-07-19 00:00:00,,,,,,
1962-07-20 00:00:00,,,,,,
1962-07-23 00:00:00,,,,,,
1962-07-24 00:00:00,,,,,,
1962-07-25 00:00:00,,,,,,
1962-07-26 00:00:00,,,,,,
1962-07-27 00:00:00,,,,,,
1962-07-30 00:00:00,,,,,,
1962-07-31 00:00:00,,,,,,
1962-08-01 00:00:00,,,,,,
1962-08-02 00:00:00,,,,,,
1962-08-03 00:00:00,,,,,,
1962-08-06 00:00:00,,,,,,
1962-08-07 00:00:00,,,,,,
1962-08-08 00:00:00,,,,,,
1962-08-09 00:00:00,,,,,,
1962-08-10 00:00:00,,,,,,
1962-08-13 00:00:00,,,,,,
1962-08-14 00:00:00,,,,,,
1962-08-15 00:00:00,,,,,,
1962-08-16 00:00:00,,,,,,
1962-08-17 00:00:00,,,,,,
1962-08-20 00:00:00,,,,,,
1962-08-21 00:00:00,,,,,,
1962-08-22 00:00:00,,,,,,
1962-08-23 00:00:00,,,,,,
1962-08-24 00:00:00,,,,,,
1962-08-27 00:00:00,,,,,,
1962-08-28 00:00:00,,,,,,
1962-08-29 00:00:00,,,,,,
1962-08-30 00:00:00,,,,,,
1962-08-31 00:00:00,,,,,,
1962-09-04 00:00:00,,,,,,
1962-09-05 00:00:00,,,,,,
1962-09-06 00:00:00,,,,,,
1962-09-07 00:00:00,,,,,,
1962-09-10 00:00:00,,,,,,
1962-09-11 00:00:00,,,,,,
1962-09-12 00:00:00,,,,,,
1962-09-13 00:00:00,,,,,,
1962-09-14 00:00:00,,,,,,
1962-09-17 00:00:00,,,,,,
1962-09-18 00:00:00,,,,,,
1962-09-19 00:00:00,,,,,,
1962-09-20 00:00:00,,,,,,
1962-09-21 00:00:00,,,,,,
1962-09-24 00:00:00,,,,,,
1962-09-25 00:00:00,,,,,,
1962-09-26 00:00:00,,,,,,
1962-09-27 00:00:00,,,,,,
1962-09-28 00:00:00,,,,,,
1962-10-01 00:00:00,,,,,,
1962-10-02 00:00:00,,,,,,
1962-10-03 00:00:00,,,,,,
1962-10-04 00:00:00,,,,,,
1962-10-05 00:00:00,,,,,,
1962-10-08 00:00:00,,,,,,
1962-10-09 00:00:00,,,,,,
1962-10-10 00:00:00,,,,,,
1962-10-11 00:00:00,,,,,,
1962-10-12 00:00:00,,,,,,
1962-10-15 00:00:00,,,,,,
1962-10-16 00:00:00,,,,,,
1962-10-17 00:00:00,,,,,,
1962-10-18 00:00:00,,,,,,
1962-10-19 00:00:00,,,,,,
1962-10-22 00:00:00,,,,,,
1962-10-23 00:00:00,,,,,,
1962-10-24 00:00:00,,,,,,
1962-10-25 00:00:00,,,,,,
1962-10-26 00:00:00,,,,,,
1962-10-29 00:00:00,,,,,,
1962-10-30 00:00:00,,,,,,
1962-10-31 00:00:00,,,,,,
1962-11-01 00:00:00,,,,,,
1962-11-02 00:00:00,,,,,,
1962-11-05 00:00:00,,,,,,
1962-11-07 00:00:00,,,,,,
1962-11-08 00:00:00,,,,,,
1962-11-09 00:00:00,,,,,,
1962-11-12 00:00:00,,,,,,
1962-11-13 00:00:00,,,,,,
1962-11-14 00:00:00,,,,,,
1962-11-15 00:00:00,,,,,,
1962-11-16 00:00:00,,,,,,
1962-11-19 00:00:00,,,,,,
1962-11-20 00:00:00,,,,,,
1962-11-21 00:00:00,,,,,,
1962-11-23 00:00:00,,,,,,
1962-11-26 00:00:00,,,,,,
1962-11-27 00:00:00,,,,,,
1962-11-28 00:00:00,,,,,,
1962-11-29 00:00:00,,,,,,
1962-11-30 00:00:00,,,,,,
1962-12-03 00:00:00,,,,,,
1962-12-04 00:00:00,,,,,,
1962-12-05 00:00:00,,,,,,
1962-12-06 00:00:00,,,,,,
1962-12-07 00:00:00,,,,,,
1962-12-10 00:00:00,,,,,,
1962-12-11 00:00:00,,,,,,
1962-12-12 00:00:00,,,,,,
1962-12-13 00:00:00,,,,,,
1962-12-14 00:00:00,,,,,,
1962-12-17 00:00:00,,,,,,
1962-12-18 00:00:00,,,,,,
1962-12-19 00:00:00,,,,,,
1962-12-20 00:00:00,,,,,,
1962-12-21 00:00:00,,,,,,
1962-12-24 00:00:00,,,,,,
1962-12-26 00:00:00,,,,,,
1962-12-27 00:00:00,,,,,,
1962-12-28 00:00:00,,,,,,
1962-12-31 00:00:00,,,,,,
1963-01-02 00:00:00,,,,,,
1963-01-03 00:00:00,,,,,,
1963-01-04 00:00:00,,,,,,
1963-01-07 00:00:00,,,,,,
1963-01-08 00:00:00,,,,,,
1963-01-09 00:00:00,,,,,,
1963-01-10 00:00:00,,,,,,
1963-01-11 00:00:00,,,,,,
1963-01-14 00:00:00,,,,,,
1963-01-15 00:00:00,,,,,,
1963-01-16 00:00:00,,,,,,
1963-01-17 00:00:00,,,,,,
1963-01-18 00:00:00,,,,,,
1963-01-21 00:00:00,,,,,,
1963-01-22 00:00:00,,,,,,
1963-01-23 00:00:00,,,,,,
1963-01-24 00:00:00,,,,,,
1963-01-25 00:00:00,,,,,,
1963-01-28 00:00:00,,,,,,
1963-01-29 00:00:00,,,,,,
1963-01-30 00:00:00,,,,,,
1963-01-31 00:00:00,,,,,,
1963-02-01 00:00:00,,,,,,
1963-02-04 00:00:00,,,,,,
1963-02-05 00:00:00,,,,,,
1963-02-06 00:00:00,,,,,,
1963-02-07 00:00:00,,,,,,
1963-02-08 00:00:00,,,,,,
1963-02-11 00:00:00,,,,,,
1963-02-12 00:00:00,,,,,,
1963-02-13 00:00:00,,,,,,
1963-02-14 00:00:00,,,,,,
1963-02-15 00:00:00,,,,,,
1963-02-18 00:00:00,,,,,,
1963-02-19 00:00:00,,,,,,
1963-02-20 00:00:00,,,,,,
1963-02-21 00:00:00,,,,,,
1963-02-25 00:00:00,,,,,,
1963-02-26 00:00:00,,,,,,
1963-02-27 00:00:00,,,,,,
1963-02-28 00:00:00,,,,,,
1963-03-01 00:00:00,,,,,,
1963-03-04 00:00:00,,,,,,
1963-03-05 00:00:00,,,,,,
1963-03-06 00:00:00,,,,,,
1963-03-07 00:00:00,,,,,,
1963-03-08 00:00:00,,,,,,
1963-03-11 00:00:00,,,,,,
1963-03-12 00:00:00,,,,,,
1963-03-13 00:00:00,,,,,,
1963-03-14 00:00:00,,,,,,
1963-03-15 00:00:00,,,,,,
1963-03-18 00:00:00,,,,,,
1963-03-19 00:00:00,,,,,,
1963-03-20 00:00:00,,,,,,
1963-03-21 00:00:00,,,,,,
1963-03-22 00:00:00,,,,,,
1963-03-25 00:00:00,,,,,,
1963-03-26 00:00:00,,,,,,
1963-03-27 00:00:00,,,,,,
1963-03-28 00:00:00,,,,,,
1963-03-29 00:00:00,,,,,,
1963-04-01 00:00:00,,,,,,
1963-04-02 00:00:00,,,,,,
1963-04-03 00:00:00,,,,,,
1963-04-04 00:00:00,,,,,,
1963-04-05 00:00:00,,,,,,
1963-04-08 00:00:00,,,,,,
1963-04-09 00:00:00,,,,,,
1963-04-10 00:00:00,,,,,,
1963-04-11 00:00:00,,,,,,
1963-04-15 00:00:00,,,,,,
1963-04-16 00:00:00,,,,,,
1963-04-17 00:00:00,,,,,,
1963-04-18 00:00:00,,,,,,
1963-04-19 00:00:00,,,,,,
1963-04-22 00:00:00,,,,,,
1963-04-23 00:00:00,,,,,,
1963-04-24 00:00:00,,,,,,
1963-04-25 00:00:00,,,,,,
1963-04-26 00:00:00,,,,,,
1963-04-29 00:00:00,,,,,,
1963-04-30 00:00:00,,,,,,
1963-05-01 00:00:00,,,,,,
1963-05-02 00:00:00,,,,,,
1963-05-03 00:00:00,,,,,,
1963-05-06 00:00:00,,,,,,
1963-05-07 00:00:00,,,,,,
1963-05-08 00:00:00,,,,,,
1963-05-09 00:00:00,,,,,,
1963-05-10 00:00:00,,,,,,
1963-05-13 00:00:00,,,,,,
1963-05-14 00:00:00,,,,,,
1963-05-15 00:00:00,,,,,,
1963-05-16 00:00:00,,,,,,
1963-05-17 00:00:00,,,,,,
1963-05-20 00:00:00,,,,,,
1963-05-21 00:00:00,,,,,,
1963-05-22 00:00:00,,,,,,
1963-05-23 00:00:00,,,,,,
1963-05-24 00:00:00,,,,,,
1963-05-27 00:00:00,,,,,,
1963-05-28 00:00:00,,,,,,
1963-05-29 00:00:00,,,,,,
1963-05-31 00:00:00,,,,,,
1963-06-03 00:00:00,,,,,,
1963-06-04 00:00:00,,,,,,
1963-06-05 00:00:00,,,,,,
1963-06-06 00:00:00,,,,,,
1963-06-07 00:00:00,,,,,,
1963-06-10 00:00:00,,,,,,
1963-06-11 00:00:00,,,,,,
1963-06-12 00:00:00,,,,,,
1963-06-13 00:00:00,,,,,,
1963-06-14 00:00:00,,,,,,
1963-06-17 00:00:00,,,,,,
1963-06-18 00:00:00,,,,,,
1963-06-19 00:00:00,,,,,,
1963-06-20 00:00:00,,,,,,
1963-06-21 00:00:00,,,,,,
1963-06-24 00:00:00,,,,,,
1963-06-25 00:00:00,,,,,,
1963-06-26 00:00:00,,,,,,
1963-06-27 00:00:00,,,,,,
1963-06-28 00:00:00,,,,,,
1963-07-01 00:00:00,,,,,,
1963-07-02 00:00:00,,,,,,
1963-07-03 00:00:00,,,,,,
1963-07-05 00:00:00,,,,,,
1963-07-08 00:00:00,,,,,,
1963-07-09 00:00:00,,,,,,
1963-07-10 00:00:00,,,,,,
1963-07-11 00:00:00,,,,,,
1963-07-12 00:00:00,,,,,,
1963-07-15 00:00:00,,,,,,
1963-07-16 00:00:00,,,,,,
1963-07-17 00:00:00,,,,,,
1963-07-18 00:00:00,,,,,,
1963-07-19 00:00:00,,,,,,
1963-07-22 00:00:00,,,,,,
1963-07-23 00:00:00,,,,,,
1963-07-24 00:00:00,,,,,,
1963-07-25 00:00:00,,,,,,
1963-07-26 00:00:00,,,,,,
1963-07-29 00:00:00,,,,,,
1963-07-30 00:00:00,,,,,,
1963-07-31 00:00:00,,,,,,
1963-08-01 00:00:00,,,,,,
1963-08-02 00:00:00,,,,,,
1963-08-05 00:00:00,,,,,,
1963-08-06 00:00:00,,,,,,
1963-08-07 00:00:00,,,,,,
1963-08-08 00:00:00,,,,,,
1963-08-09 00:00:00,,,,,,
1963-08-12 00:00:00,,,,,,
1963-08-13 00:00:00,,,,,,
1963-08-14 00:00:00,,,,,,
1963-08-15 00:00:00,,,,,,
1963-08-16 00:00:00,,,,,,
1963-08-19 00:00:00,,,,,,
1963-08-20 00:00:00,,,,,,
1963-08-21 00:00:00,,,,,,
1963-08-22 00:00:00,,,,,,
1963-08-23 00:00:00,,,,,,
1963-08-26 00:00:00,,,,,,
1963-08-27 00:00:00,,,,,,
1963-08-28 00:00:00,,,,,,
1963-08-29 00:00:00,,,,,,
1963-08-30 00:00:00,,,,,,
1963-09-03 00:00:00,,,,,,
1963-09-04 00:00:00,,,,,,
1963-09-05 00:00:00,,,,,,
1963-09-06 00:00:00,,,,,,
1963-09-09 00:00:00,,,,,,
1963-09-10 00:00:00,,,,,,
1963-09-11 00:00:00,,,,,,
1963-09-12 00:00:00,,,,,,
1963-09-13 00:00:00,,,,,,
1963-09-16 00:00:00,,,,,,
1963-09-17 00:00:00,,,,,,
1963-09-18 00:00:00,,,,,,
1963-09-19 00:00:00,,,,,,
1963-09-20 00:00:00,,,,,,
1963-09-23 00:00:00,,,,,,
1963-09-24 00:00:00,,,,,,
1963-09-25 00:00:00,,,,,,
1963-09-26 00:00:00,,,,,,
1963-09-27 00:00:00,,,,,,
1963-09-30 00:00:00,,,,,,
1963-10-01 00:00:00,,,,,,
1963-10-02 00:00:00,,,,,,
1963-10-03 00:00:00,,,,,,
1963-10-04 00:00:00,,,,,,
1963-10-07 00:00:00,,,,,,
1963-10-08 00:00:00,,,,,,
1963-10-09 00:00:00,,,,,,
1963-10-10 00:00:00,,,,,,
1963-10-11 00:00:00,,,,,,
1963-10-14 00:00:00,,,,,,
1963-10-15 00:00:00,,,,,,
1963-10-16 00:00:00,,,,,,
1963-10-17 00:00:00,,,,,,
1963-10-18 00:00:00,,,,,,
1963-10-21 00:00:00,,,,,,
1963-10-22 00:00:00,,,,,,
1963-10-23 00:00:00,,,,,,
1963-10-24 00:00:00,,,,,,
1963-10-25 00:00:00,,,,,,
1963-10-28 00:00:00,,,,,,
1963-10-29 00:00:00,,,,,,
1963-10-30 00:00:00,,,,,,
1963-10-31 00:00:00,,,,,,
1963-11-01 00:00:00,,,,,,
1963-11-04 00:00:00,,,,,,
1963-11-06 00:00:00,,,,,,
1963-11-07 00:00:00,,,,,,
1963-11-08 00:00:00,,,,,,
1963-11-11 00:00:00,,,,,,
1963-11-12 00:00:00,,,,,,
1963-11-13 00:00:00,,,,,,
1963-11-14 00:00:00,,,,,,
1963-11-15 00:00:00,,,,,,
1963-11-18 00:00:00,,,,,,
1963-11-19 00:00:00,,,,,,
1963-11-20 00:00:00,,,,,,
1963-11-21 00:00:00,,,,,,
1963-11-22 00:00:00,,,,,,
1963-11-26 00:00:00,,,,,,
1963-11-27 00:00:00,,,,,,
1963-11-29 00:00:00,,,,,,
1963-12-02 00:00:00,,,,,,
1963-12-03 00:00:00,,,,,,
1963-12-04 00:00:00,,,,,,
1963-12-05 00:00:00,,,,,,
1963-12-06 00:00:00,,,,,,
1963-12-09 00:00:00,,,,,,
1963-12-10 00:00:00,,,,,,
1963-12-11 00:00:00,,,,,,
1963-12-12 00:00:00,,,,,,
1963-12-13 00:00:00,,,,,,
1963-12-16 00:00:00,,,,,,
1963-12-17 00:00:00,,,,,,
1963-12-18 00:00:00,,,,,,
1963-12-19 00:00:00,,,,,,
1963-12-20 00:00:00,,,,,,
1963-12-23 00:00:00,,,,,,
1963-12-24 00:00:00,,,,,,
1963-12-26 00:00:00,,,,,,
1963-12-27 00:00:00,,,,,,
1963-12-30 00:00:00,,,,,,
1963-12-31 00:00:00,,,,,,
1964-01-02 00:00:00,,,,,,
1964-01-03 00:00:00,,,,,,
1964-01-06 00:00:00,,,,,,
1964-01-07 00:00:00,,,,,,
1964-01-08 00:00:00,,,,,,
1964-01-09 00:00:00,,,,,,
1964-01-10 00:00:00,,,,,,
1964-01-13 00:00:00,,,,,,
1964-01-14 00:00:00,,,,,,
1964-01-15 00:00:00,,,,,,
1964-01-16 00:00:00,,,,,,
1964-01-17 00:00:00,,,,,,
1964-01-20 00:00:00,,,,,,
1964-01-21 00:00:00,,,,,,
1964-01-22 00:00:00,,,,,,
1964-01-23 00:00:00,,,,,,
1964-01-24 00:00:00,,,,,,
1964-01-27 00:00:00,,,,,,
1964-01-28 00:00:00,,,,,,
1964-01-29 00:00:00,,,,,,
1964-01-30 00:00:00,,,,,,
1964-01-31 00:00:00,,,,,,
1964-02-03 00:00:00,,,,,,
1964-02-04 00:00:00,,,,,,
1964-02-05 00:00:00,,,,,,
1964-02-06 00:00:00,,,,,,
1964-02-07 00:00:00,,,,,,
1964-02-10 00:00:00,,,,,,
1964-02-11 00:00:00,,,,,,
1964-02-12 00:00:00,,,,,,
1964-02-13 00:00:00,,,,,,
1964-02-14 00:00:00,,,,,,
1964-02-17 00:00:00,,,,,,
1964-02-18 00:00:00,,,,,,
1964-02-19 00:00:00,,,,,,
1964-02-20 00:00:00,,,,,,
1964-02-24 00:00:00,,,,,,
1964-02-25 00:00:00,,,,,,
1964-02-26 00:00:00,,,,,,
1964-02-27 00:00:00,,,,,,
1964-02-28 00:00:00,,,,,,
1964-03-02 00:00:00,,,,,,
1964-03-03 00:00:00,,,,,,
1964-03-04 00:00:00,,,,,,
1964-03-05 00:00:00,,,,,,
1964-03-06 00:00:00,,,,,,
1964-03-09 00:00:00,,,,,,
1964-03-10 00:00:00,,,,,,
1964-03-11 00:00:00,,,,,,
1964-03-12 00:00:00,,,,,,
1964-03-13 00:00:00,,,,,,
1964-03-16 00:00:00,,,,,,
1964-03-17 00:00:00,,,,,,
1964-03-18 00:00:00,,,,,,
1964-03-19 00:00:00,,,,,,
1964-03-20 00:00:00,,,,,,
1964-03-23 00:00:00,,,,,,
1964-03-24 00:00:00,,,,,,
1964-03-25 00:00:00,,,,,,
1964-03-26 00:00:00,,,,,,
1964-03-30 00:00:00,,,,,,
1964-03-31 00:00:00,,,,,,
1964-04-01 00:00:00,,,,,,
1964-04-02 00:00:00,,,,,,
1964-04-03 00:00:00,,,,,,
1964-04-06 00:00:00,,,,,,
1964-04-07 00:00:00,,,,,,
1964-04-08 00:00:00,,,,,,
1964-04-09 00:00:00,,,,,,
1964-04-10 00:00:00,,,,,,
1964-04-13 00:00:00,,,,,,
1964-04-14 00:00:00,,,,,,
1964-04-15 00:00:00,,,,,,
1964-04-16 00:00:00,,,,,,
1964-04-17 00:00:00,,,,,,
1964-04-20 00:00:00,,,,,,
1964-04-21 00:00:00,,,,,,
1964-04-22 00:00:00,,,,,,
1964-04-23 00:00:00,,,,,,
1964-04-24 00:00:00,,,,,,
1964-04-27 00:00:00,,,,,,
1964-04-28 00:00:00,,,,,,
1964-04-29 00:00:00,,,,,,
1964-04-30 00:00:00,,,,,,
1964-05-01 00:00:00,,,,,,
1964-05-04 00:00:00,,,,,,
1964-05-05 00:00:00,,,,,,
1964-05-06 00:00:00,,,,,,
1964-05-07 00:00:00,,,,,,
1964-05-08 00:00:00,,,,,,
1964-05-11 00:00:00,,,,,,
1964-05-12 00:00:00,,,,,,
1964-05-13 00:00:00,,,,,,
1964-05-14 00:00:00,,,,,,
1964-05-15 00:00:00,,,,,,
1964-05-18 00:00:00,,,,,,
1964-05-19 00:00:00,,,,,,
1964-05-20 00:00:00,,,,,,
1964-05-21 00:00:00,,,,,,
1964-05-22 00:00:00,,,,,,
1964-05-25 00:00:00,,,,,,
1964-05-26 00:00:00,,,,,,
1964-05-27 00:00:00,,,,,,
1964-05-28 00:00:00,,,,,,
1964-06-01 00:00:00,,,,,,
1964-06-02 00:00:00,,,,,,
1964-06-03 00:00:00,,,,,,
1964-06-04 00:00:00,,,,,,
1964-06-05 00:00:00,,,,,,
1964-06-08 00:00:00,,,,,,
1964-06-09 00:00:00,,,,,,
1964-06-10 00:00:00,,,,,,
1964-06-11 00:00:00,,,,,,
1964-06-12 00:00:00,,,,,,
1964-06-15 00:00:00,,,,,,
1964-06-16 00:00:00,,,,,,
1964-06-17 00:00:00,,,,,,
1964-06-18 00:00:00,,,,,,
1964-06-19 00:00:00,,,,,,
1964-06-22 00:00:00,,,,,,
1964-06-23 00:00:00,,,,,,
1964-06-24 00:00:00,,,,,,
1964-06-25 00:00:00,,,,,,
1964-06-26 00:00:00,,,,,,
1964-06-29 00:00:00,,,,,,
1964-06-30 00:00:00,,,,,,
1964-07-01 00:00:00,,,,,,
1964-07-02 00:00:00,,,,,,
1964-07-06 00:00:00,,,,,,
1964-07-07 00:00:00,,,,,,
1964-07-08 00:00:00,,,,,,
1964-07-09 00:00:00,,,,,,
1964-07-10 00:00:00,,,,,,
1964-07-13 00:00:00,,,,,,
1964-07-14 00:00:00,,,,,,
1964-07-15 00:00:00,,,,,,
1964-07-16 00:00:00,,,,,,
1964-07-17 00:00:00,,,,,,
1964-07-20 00:00:00,,,,,,
1964-07-21 00:00:00,,,,,,
1964-07-22 00:00:00,,,,,,
1964-07-23 00:00:00,,,,,,
1964-07-24 00:00:00,,,,,,
1964-07-27 00:00:00,,,,,,
1964-07-28 00:00:00,,,,,,
1964-07-29 00:00:00,,,,,,
1964-07-30 00:00:00,,,,,,
1964-07-31 00:00:00,,,,,,
1964-08-03 00:00:00,,,,,,
1964-08-04 00:00:00,,,,,,
1964-08-05 00:00:00,,,,,,
1964-08-06 00:00:00,,,,,,
1964-08-07 00:00:00,,,,,,
1964-08-10 00:00:00,,,,,,
1964-08-11 00:00:00,,,,,,
1964-08-12 00:00:00,,,,,,
1964-08-13 00:00:00,,,,,,
1964-08-14 00:00:00,,,,,,
1964-08-17 00:00:00,,,,,,
1964-08-18 00:00:00,,,,,,
1964-08-19 00:00:00,,,,,,
1964-08-20 00:00:00,,,,,,
1964-08-21 00:00:00,,,,,,
1964-08-24 00:00:00,,,,,,
1964-08-25 00:00:00,,,,,,
1964-08-26 00:00:00,,,,,,
1964-08-27 00:00:00,,,,,,
1964-08-28 00:00:00,,,,,,
1964-08-31 00:00:00,,,,,,
1964-09-01 00:00:00,,,,,,
1964-09-02 00:00:00,,,,,,
1964-09-03 00:00:00,,,,,,
1964-09-04 00:00:00,,,,,,
1964-09-08 00:00:00,,,,,,
1964-09-09 00:00:00,,,,,,
1964-09-10 00:00:00,,,,,,
1964-09-11 00:00:00,,,,,,
1964-09-14 00:00:00,,,,,,
1964-09-15 00:00:00,,,,,,
1964-09-16 00:00:00,,,,,,
1964-09-17 00:00:00,,,,,,
1964-09-18 00:00:00,,,,,,
1964-09-21 00:00:00,,,,,,
1964-09-22 00:00:00,,,,,,
1964-09-23 00:00:00,,,,,,
1964-09-24 00:00:00,,,,,,
1964-09-25 00:00:00,,,,,,
1964-09-28 00:00:00,,,,,,
1964-09-29 00:00:00,,,,,,
1964-09-30 00:00:00,,,,,,
1964-10-01 00:00:00,,,,,,
1964-10-02 00:00:00,,,,,,
1964-10-05 00:00:00,,,,,,
1964-10-06 00:00:00,,,,,,
1964-10-07 00:00:00,,,,,,
1964-10-08 00:00:00,,,,,,
1964-10-09 00:00:00,,,,,,
1964-10-12 00:00:00,,,,,,
1964-10-13 00:00:00,,,,,,
1964-10-14 00:00:00,,,,,,
1964-10-15 00:00:00,,,,,,
1964-10-16 00:00:00,,,,,,
1964-10-19 00:00:00,,,,,,
1964-10-20 00:00:00,,,,,,
1964-10-21 00:00:00,,,,,,
1964-10-22 00:00:00,,,,,,
1964-10-23 00:00:00,,,,,,
1964-10-26 00:00:00,,,,,,
1964-10-27 00:00:00,,,,,,
1964-10-28 00:00:00,,,,,,
1964-10-29 00:00:00,,,,,,
1964-10-30 00:00:00,,,,,,
1964-11-02 00:00:00,,,,,,
1964-11-04 00:00:00,,,,,,
1964-11-05 00:00:00,,,,,,
1964-11-06 00:00:00,,,,,,
1964-11-09 00:00:00,,,,,,
1964-11-10 00:00:00,,,,,,
1964-11-11 00:00:00,,,,,,
1964-11-12 00:00:00,,,,,,
1964-11-13 00:00:00,,,,,,
1964-11-16 00:00:00,,,,,,
1964-11-17 00:00:00,,,,,,
1964-11-18 00:00:00,,,,,,
1964-11-19 00:00:00,,,,,,
1964-11-20 00:00:00,,,,,,
1964-11-23 00:00:00,,,,,,
1964-11-24 00:00:00,,,,,,
1964-11-25 00:00:00,,,,,,
1964-11-27 00:00:00,,,,,,
1964-11-30 00:00:00,,,,,,
1964-12-01 00:00:00,,,,,,
1964-12-02 00:00:00,,,,,,
1964-12-03 00:00:00,,,,,,
1964-12-04 00:00:00,,,,,,
1964-12-07 00:00:00,,,,,,
1964-12-08 00:00:00,,,,,,
1964-12-09 00:00:00,,,,,,
1964-12-10 00:00:00,,,,,,
1964-12-11 00:00:00,,,,,,
1964-12-14 00:00:00,,,,,,
1964-12-15 00:00:00,,,,,,
1964-12-16 00:00:00,,,,,,
1964-12-17 00:00:00,,,,,,
1964-12-18 00:00:00,,,,,,
1964-12-21 00:00:00,,,,,,
1964-12-22 00:00:00,,,,,,
1964-12-23 00:00:00,,,,,,
1964-12-24 00:00:00,,,,,,
1964-12-28 00:00:00,,,,,,
1964-12-29 00:00:00,,,,,,
1964-12-30 00:00:00,,,,,,
1964-12-31 00:00:00,,,,,,
1965-01-04 00:00:00,,,,,,
1965-01-05 00:00:00,,,,,,
1965-01-06 00:00:00,,,,,,
1965-01-07 00:00:00,,,,,,
1965-01-08 00:00:00,,,,,,
1965-01-11 00:00:00,,,,,,
1965-01-12 00:00:00,,,,,,
1965-01-13 00:00:00,,,,,,
1965-01-14 00:00:00,,,,,,
1965-01-15 00:00:00,,,,,,
1965-01-18 00:00:00,,,,,,
1965-01-19 00:00:00,,,,,,
1965-01-20 00:00:00,,,,,,
1965-01-21 00:00:00,,,,,,
1965-01-22 00:00:00,,,,,,
1965-01-25 00:00:00,,,,,,
1965-01-26 00:00:00,,,,,,
1965-01-27 00:00:00,,,,,,
1965-01-28 00:00:00,,,,,,
1965-01-29 00:00:00,,,,,,
1965-02-01 00:00:00,,,,,,
1965-02-02 00:00:00,,,,,,
1965-02-03 00:00:00,,,,,,
1965-02-04 00:00:00,,,,,,
1965-02-05 00:00:00,,,,,,
1965-02-08 00:00:00,,,,,,
1965-02-09 00:00:00,,,,,,
1965-02-10 00:00:00,,,,,,
1965-02-11 00:00:00,,,,,,
1965-02-12 00:00:00,,,,,,
1965-02-15 00:00:00,,,,,,
1965-02-16 00:00:00,,,,,,
1965-02-17 00:00:00,,,,,,
1965-02-18 00:00:00,,,,,,
1965-02-19 00:00:00,,,,,,
1965-02-23 00:00:00,,,,,,
1965-02-24 00:00:00,,,,,,
1965-02-25 00:00:00,,,,,,
1965-02-26 00:00:00,,,,,,
1965-03-01 00:00:00,,,,,,
1965-03-02 00:00:00,,,,,,
1965-03-03 00:00:00,,,,,,
1965-03-04 00:00:00,,,,,,
1965-03-05 00:00:00,,,,,,
1965-03-08 00:00:00,,,,,,
1965-03-09 00:00:00,,,,,,
1965-03-10 00:00:00,,,,,,
1965-03-11 00:00:00,,,,,,
1965-03-12 00:00:00,,,,,,
1965-03-15 00:00:00,,,,,,
1965-03-16 00:00:00,,,,,,
1965-03-17 00:00:00,,,,,,
1965-03-18 00:00:00,,,,,,
1965-03-19 00:00:00,,,,,,
1965-03-22 00:00:00,,,,,,
1965-03-23 00:00:00,,,,,,
1965-03-24 00:00:00,,,,,,
1965-03-25 00:00:00,,,,,,
1965-03-26 00:00:00,,,,,,
1965-03-29 00:00:00,,,,,,
1965-03-30 00:00:00,,,,,,
1965-03-31 00:00:00,,,,,,
1965-04-01 00:00:00,,,,,,
1965-04-02 00:00:00,,,,,,
1965-04-05 00:00:00,,,,,,
1965-04-06 00:00:00,,,,,,
1965-04-07 00:00:00,,,,,,
1965-04-08 00:00:00,,,,,,
1965-04-09 00:00:00,,,,,,
1965-04-12 00:00:00,,,,,,
1965-04-13 00:00:00,,,,,,
1965-04-14 00:00:00,,,,,,
1965-04-15 00:00:00,,,,,,
1965-04-19 00:00:00,,,,,,
1965-04-20 00:00:00,,,,,,
1965-04-21 00:00:00,,,,,,
1965-04-22 00:00:00,,,,,,
1965-04-23 00:00:00,,,,,,
1965-04-26 00:00:00,,,,,,
1965-04-27 00:00:00,,,,,,
1965-04-28 00:00:00,,,,,,
1965-04-29 00:00:00,,,,,,
1965-04-30 00:00:00,,,,,,
1965-05-03 00:00:00,,,,,,
1965-05-04 00:00:00,,,,,,
1965-05-05 00:00:00,,,,,,
1965-05-06 00:00:00,,,,,,
1965-05-07 00:00:00,,,,,,
1965-05-10 00:00:00,,,,,,
1965-05-11 00:00:00,,,,,,
1965-05-12 00:00:00,,,,,,
1965-05-13 00:00:00,,,,,,
1965-05-14 00:00:00,,,,,,
1965-05-17 00:00:00,,,,,,
1965-05-18 00:00:00,,,,,,
1965-05-19 00:00:00,,,,,,
1965-05-20 00:00:00,,,,,,
1965-05-21 00:00:00,,,,,,
1965-05-24 00:00:00,,,,,,
1965-05-25 00:00:00,,,,,,
1965-05-26 00:00:00,,,,,,
1965-05-27 00:00:00,,,,,,
1965-05-28 00:00:00,,,,,,
1965-06-01 00:00:00,,,,,,
1965-06-02 00:00:00,,,,,,
1965-06-03 00:00:00,,,,,,
1965-06-04 00:00:00,,,,,,
1965-06-07 00:00:00,,,,,,
1965-06-08 00:00:00,,,,,,
1965-06-09 00:00:00,,,,,,
1965-06-10 00:00:00,,,,,,
1965-06-11 00:00:00,,,,,,
1965-06-14 00:00:00,,,,,,
1965-06-15 00:00:00,,,,,,
1965-06-16 00:00:00,,,,,,
1965-06-17 00:00:00,,,,,,
1965-06-18 00:00:00,,,,,,
1965-06-21 00:00:00,,,,,,
1965-06-22 00:00:00,,,,,,
1965-06-23 00:00:00,,,,,,
1965-06-24 00:00:00,,,,,,
1965-06-25 00:00:00,,,,,,
1965-06-28 00:00:00,,,,,,
1965-06-29 00:00:00,,,,,,
1965-06-30 00:00:00,,,,,,
1965-07-01 00:00:00,,,,,,
1965-07-02 00:00:00,,,,,,
1965-07-06 00:00:00,,,,,,
1965-07-07 00:00:00,,,,,,
1965-07-08 00:00:00,,,,,,
1965-07-09 00:00:00,,,,,,
1965-07-12 00:00:00,,,,,,
1965-07-13 00:00:00,,,,,,
1965-07-14 00:00:00,,,,,,
1965-07-15 00:00:00,,,,,,
1965-07-16 00:00:00,,,,,,
1965-07-19 00:00:00,,,,,,
1965-07-20 00:00:00,,,,,,
1965-07-21 00:00:00,,,,,,
1965-07-22 00:00:00,,,,,,
1965-07-23 00:00:00,,,,,,
1965-07-26 00:00:00,,,,,,
1965-07-27 00:00:00,,,,,,
1965-07-28 00:00:00,,,,,,
1965-07-29 00:00:00,,,,,,
1965-07-30 00:00:00,,,,,,
1965-08-02 00:00:00,,,,,,
1965-08-03 00:00:00,,,,,,
1965-08-04 00:00:00,,,,,,
1965-08-05 00:00:00,,,,,,
1965-08-06 00:00:00,,,,,,
1965-08-09 00:00:00,,,,,,
1965-08-10 00:00:00,,,,,,
1965-08-11 00:00:00,,,,,,
1965-08-12 00:00:00,,,,,,
1965-08-13 00:00:00,,,,,,
1965-08-16 00:00:00,,,,,,
1965-08-17 00:00:00,,,,,,
1965-08-18 00:00:00,,,,,,
1965-08-19 00:00:00,,,,,,
1965-08-20 00:00:00,,,,,,
1965-08-23 00:00:00,,,,,,
1965-08-24 00:00:00,,,,,,
1965-08-25 00:00:00,,,,,,
1965-08-26 00:00:00,,,,,,
1965-08-27 00:00:00,,,,,,
1965-08-30 00:00:00,,,,,,
1965-08-31 00:00:00,,,,,,
1965-09-01 00:00:00,,,,,,
1965-09-02 00:00:00,,,,,,
1965-09-03 00:00:00,,,,,,
1965-09-07 00:00:00,,,,,,
1965-09-08 00:00:00,,,,,,
1965-09-09 00:00:00,,,,,,
1965-09-10 00:00:00,,,,,,
1965-09-13 00:00:00,,,,,,
1965-09-14 00:00:00,,,,,,
1965-09-15 00:00:00,,,,,,
1965-09-16 00:00:00,,,,,,
1965-09-17 00:00:00,,,,,,
1965-09-20 00:00:00,,,,,,
1965-09-21 00:00:00,,,,,,
1965-09-22 00:00:00,,,,,,
1965-09-23 00:00:00,,,,,,
1965-09-24 00:00:00,,,,,,
1965-09-27 00:00:00,,,,,,
1965-09-28 00:00:00,,,,,,
1965-09-29 00:00:00,,,,,,
1965-09-30 00:00:00,,,,,,
1965-10-01 00:00:00,,,,,,
1965-10-04 00:00:00,,,,,,
1965-10-05 00:00:00,,,,,,
1965-10-06 00:00:00,,,,,,
1965-10-07 00:00:00,,,,,,
1965-10-08 00:00:00,,,,,,
1965-10-11 00:00:00,,,,,,
1965-10-12 00:00:00,,,,,,
1965-10-13 00:00:00,,,,,,
1965-10-14 00:00:00,,,,,,
1965-10-15 00:00:00,,,,,,
1965-10-18 00:00:00,,,,,,
1965-10-19 00:00:00,,,,,,
1965-10-20 00:00:00,,,,,,
1965-10-21 00:00:00,,,,,,
1965-10-22 00:00:00,,,,,,
1965-10-25 00:00:00,,,,,,
1965-10-26 00:00:00,,,,,,
1965-10-27 00:00:00,,,,,,
1965-10-28 00:00:00,,,,,,
1965-10-29 00:00:00,,,,,,
1965-11-01 00:00:00,,,,,,
1965-11-03 00:00:00,,,,,,
1965-11-04 00:00:00,,,,,,
1965-11-05 00:00:00,,,,,,
1965-11-08 00:00:00,,,,,,
1965-11-09 00:00:00,,,,,,
1965-11-10 00:00:00,,,,,,
1965-11-11 00:00:00,,,,,,
1965-11-12 00:00:00,,,,,,
1965-11-15 00:00:00,,,,,,
1965-11-16 00:00:00,,,,,,
1965-11-17 00:00:00,,,,,,
1965-11-18 00:00:00,,,,,,
1965-11-19 00:00:00,,,,,,
1965-11-22 00:00:00,,,,,,
1965-11-23 00:00:00,,,,,,
1965-11-24 00:00:00,,,,,,
1965-11-26 00:00:00,,,,,,
1965-11-29 00:00:00,,,,,,
1965-11-30 00:00:00,,,,,,
1965-12-01 00:00:00,,,,,,
1965-12-02 00:00:00,,,,,,
1965-12-03 00:00:00,,,,,,
1965-12-06 00:00:00,,,,,,
1965-12-07 00:00:00,,,,,,
1965-12-08 00:00:00,,,,,,
1965-12-09 00:00:00,,,,,,
1965-12-10 00:00:00,,,,,,
1965-12-13 00:00:00,,,,,,
1965-12-14 00:00:00,,,,,,
1965-12-15 00:00:00,,,,,,
1965-12-16 00:00:00,,,,,,
1965-12-17 00:00:00,,,,,,
1965-12-20 00:00:00,,,,,,
1965-12-21 00:00:00,,,,,,
1965-12-22 00:00:00,,,,,,
1965-12-23 00:00:00,,,,,,
1965-12-27 00:00:00,,,,,,
1965-12-28 00:00:00,,,,,,
1965-12-29 00:00:00,,,,,,
1965-12-30 00:00:00,,,,,,
1965-12-31 00:00:00,,,,,,
1966-01-03 00:00:00,,,,,,
1966-01-04 00:00:00,,,,,,
1966-01-05 00:00:00,,,,,,
1966-01-06 00:00:00,,,,,,
1966-01-07 00:00:00,,,,,,
1966-01-10 00:00:00,,,,,,
1966-01-11 00:00:00,,,,,,
1966-01-12 00:00:00,,,,,,
1966-01-13 00:00:00,,,,,,
1966-01-14 00:00:00,,,,,,
1966-01-17 00:00:00,,,,,,
1966-01-18 00:00:00,,,,,,
1966-01-19 00:00:00,,,,,,
1966-01-20 00:00:00,,,,,,
1966-01-21 00:00:00,,,,,,
1966-01-24 00:00:00,,,,,,
1966-01-25 00:00:00,,,,,,
1966-01-26 00:00:00,,,,,,
1966-01-27 00:00:00,,,,,,
1966-01-28 00:00:00,,,,,,
1966-01-31 00:00:00,,,,,,
1966-02-01 00:00:00,,,,,,
1966-02-02 00:00:00,,,,,,
1966-02-03 00:00:00,,,,,,
1966-02-04 00:00:00,,,,,,
1966-02-07 00:00:00,,,,,,
1966-02-08 00:00:00,,,,,,
1966-02-09 00:00:00,,,,,,
1966-02-10 00:00:00,,,,,,
1966-02-11 00:00:00,,,,,,
1966-02-14 00:00:00,,,,,,
1966-02-15 00:00:00,,,,,,
1966-02-16 00:00:00,,,,,,
1966-02-17 00:00:00,,,,,,
1966-02-18 00:00:00,,,,,,
1966-02-21 00:00:00,,,,,,
1966-02-23 00:00:00,,,,,,
1966-02-24 00:00:00,,,,,,
1966-02-25 00:00:00,,,,,,
1966-02-28 00:00:00,,,,,,
1966-03-01 00:00:00,,,,,,
1966-03-02 00:00:00,,,,,,
1966-03-03 00:00:00,,,,,,
1966-03-04 00:00:00,,,,,,
1966-03-07 00:00:00,,,,,,
1966-03-08 00:00:00,,,,,,
1966-03-09 00:00:00,,,,,,
1966-03-10 00:00:00,,,,,,
1966-03-11 00:00:00,,,,,,
1966-03-14 00:00:00,,,,,,
1966-03-15 00:00:00,,,,,,
1966-03-16 00:00:00,,,,,,
1966-03-17 00:00:00,,,,,,
1966-03-18 00:00:00,,,,,,
1966-03-21 00:00:00,,,,,,
1966-03-22 00:00:00,,,,,,
1966-03-23 00:00:00,,,,,,
1966-03-24 00:00:00,,,,,,
1966-03-25 00:00:00,,,,,,
1966-03-28 00:00:00,,,,,,
1966-03-29 00:00:00,,,,,,
1966-03-30 00:00:00,,,,,,
1966-03-31 00:00:00,,,,,,
1966-04-01 00:00:00,,,,,,
1966-04-04 00:00:00,,,,,,
1966-04-05 00:00:00,,,,,,
1966-04-06 00:00:00,,,,,,
1966-04-07 00:00:00,,,,,,
1966-04-11 00:00:00,,,,,,
1966-04-12 00:00:00,,,,,,
1966-04-13 00:00:00,,,,,,
1966-04-14 00:00:00,,,,,,
1966-04-15 00:00:00,,,,,,
1966-04-18 00:00:00,,,,,,
1966-04-19 00:00:00,,,,,,
1966-04-20 00:00:00,,,,,,
1966-04-21 00:00:00,,,,,,
1966-04-22 00:00:00,,,,,,
1966-04-25 00:00:00,,,,,,
1966-04-26 00:00:00,,,,,,
1966-04-27 00:00:00,,,,,,
1966-04-28 00:00:00,,,,,,
1966-04-29 00:00:00,,,,,,
1966-05-02 00:00:00,,,,,,
1966-05-03 00:00:00,,,,,,
1966-05-04 00:00:00,,,,,,
1966-05-05 00:00:00,,,,,,
1966-05-06 00:00:00,,,,,,
1966-05-09 00:00:00,,,,,,
1966-05-10 00:00:00,,,,,,
1966-05-11 00:00:00,,,,,,
1966-05-12 00:00:00,,,,,,
1966-05-13 00:00:00,,,,,,
1966-05-16 00:00:00,,,,,,
1966-05-17 00:00:00,,,,,,
1966-05-18 00:00:00,,,,,,
1966-05-19 00:00:00,,,,,,
1966-05-20 00:00:00,,,,,,
1966-05-23 00:00:00,,,,,,
1966-05-24 00:00:00,,,,,,
1966-05-25 00:00:00,,,,,,
1966-05-26 00:00:00,,,,,,
1966-05-27 00:00:00,,,,,,
1966-05-31 00:00:00,,,,,,
1966-06-01 00:00:00,,,,,,
1966-06-02 00:00:00,,,,,,
1966-06-03 00:00:00,,,,,,
1966-06-06 00:00:00,,,,,,
1966-06-07 00:00:00,,,,,,
1966-06-08 00:00:00,,,,,,
1966-06-09 00:00:00,,,,,,
1966-06-10 00:00:00,,,,,,
1966-06-13 00:00:00,,,,,,
1966-06-14 00:00:00,,,,,,
1966-06-15 00:00:00,,,,,,
1966-06-16 00:00:00,,,,,,
1966-06-17 00:00:00,,,,,,
1966-06-20 00:00:00,,,,,,
1966-06-21 00:00:00,,,,,,
1966-06-22 00:00:00,,,,,,
1966-06-23 00:00:00,,,,,,
1966-06-24 00:00:00,,,,,,
1966-06-27 00:00:00,,,,,,
1966-06-28 00:00:00,,,,,,
1966-06-29 00:00:00,,,,,,
1966-06-30 00:00:00,,,,,,
1966-07-01 00:00:00,,,,,,
1966-07-05 00:00:00,,,,,,
1966-07-06 00:00:00,,,,,,
1966-07-07 00:00:00,,,,,,
1966-07-08 00:00:00,,,,,,
1966-07-11 00:00:00,,,,,,
1966-07-12 00:00:00,,,,,,
1966-07-13 00:00:00,,,,,,
1966-07-14 00:00:00,,,,,,
1966-07-15 00:00:00,,,,,,
1966-07-18 00:00:00,,,,,,
1966-07-19 00:00:00,,,,,,
1966-07-20 00:00:00,,,,,,
1966-07-21 00:00:00,,,,,,
1966-07-22 00:00:00,,,,,,
1966-07-25 00:00:00,,,,,,
1966-07-26 00:00:00,,,,,,
1966-07-27 00:00:00,,,,,,
1966-07-28 00:00:00,,,,,,
1966-07-29 00:00:00,,,,,,
1966-08-01 00:00:00,,,,,,
1966-08-02 00:00:00,,,,,,
1966-08-03 00:00:00,,,,,,
1966-08-04 00:00:00,,,,,,
1966-08-05 00:00:00,,,,,,
1966-08-08 00:00:00,,,,,,
1966-08-09 00:00:00,,,,,,
1966-08-10 00:00:00,,,,,,
1966-08-11 00:00:00,,,,,,
1966-08-12 00:00:00,,,,,,
1966-08-15 00:00:00,,,,,,
1966-08-16 00:00:00,,,,,,
1966-08-17 00:00:00,,,,,,
1966-08-18 00:00:00,,,,,,
1966-08-19 00:00:00,,,,,,
1966-08-22 00:00:00,,,,,,
1966-08-23 00:00:00,,,,,,
1966-08-24 00:00:00,,,,,,
1966-08-25 00:00:00,,,,,,
1966-08-26 00:00:00,,,,,,
1966-08-29 00:00:00,,,,,,
1966-08-30 00:00:00,,,,,,
1966-08-31 00:00:00,,,,,,
1966-09-01 00:00:00,,,,,,
1966-09-02 00:00:00,,,,,,
1966-09-06 00:00:00,,,,,,
1966-09-07 00:00:00,,,,,,
1966-09-08 00:00:00,,,,,,
1966-09-09 00:00:00,,,,,,
1966-09-12 00:00:00,,,,,,
1966-09-13 00:00:00,,,,,,
1966-09-14 00:00:00,,,,,,
1966-09-15 00:00:00,,,,,,
1966-09-16 00:00:00,,,,,,
1966-09-19 00:00:00,,,,,,
1966-09-20 00:00:00,,,,,,
1966-09-21 00:00:00,,,,,,
1966-09-22 00:00:00,,,,,,
1966-09-23 00:00:00,,,,,,
1966-09-26 00:00:00,,,,,,
1966-09-27 00:00:00,,,,,,
1966-09-28 00:00:00,,,,,,
1966-09-29 00:00:00,,,,,,
1966-09-30 00:00:00,,,,,,
1966-10-03 00:00:00,,,,,,
1966-10-04 00:00:00,,,,,,
1966-10-05 00:00:00,,,,,,
1966-10-06 00:00:00,,,,,,
1966-10-07 00:00:00,,,,,,
1966-10-10 00:00:00,,,,,,
1966-10-11 00:00:00,,,,,,
1966-10-12 00:00:00,,,,,,
1966-10-13 00:00:00,,,,,,
1966-10-14 00:00:00,,,,,,
1966-10-17 00:00:00,,,,,,
1966-10-18 00:00:00,,,,,,
1966-10-19 00:00:00,,,,,,
1966-10-20 00:00:00,,,,,,
1966-10-21 00:00:00,,,,,,
1966-10-24 00:00:00,,,,,,
1966-10-25 00:00:00,,,,,,
1966-10-26 00:00:00,,,,,,
1966-10-27 00:00:00,,,,,,
1966-10-28 00:00:00,,,,,,
1966-10-31 00:00:00,,,,,,
1966-11-01 00:00:00,,,,,,
1966-11-02 00:00:00,,,,,,
1966-11-03 00:00:00,,,,,,
1966-11-04 00:00:00,,,,,,
1966-11-07 00:00:00,,,,,,
1966-11-09 00:00:00,,,,,,
1966-11-10 00:00:00,,,,,,
1966-11-11 00:00:00,,,,,,
1966-11-14 00:00:00,,,,,,
1966-11-15 00:00:00,,,,,,
1966-11-16 00:00:00,,,,,,
1966-11-17 00:00:00,,,,,,
1966-11-18 00:00:00,,,,,,
1966-11-21 00:00:00,,,,,,
1966-11-22 00:00:00,,,,,,
1966-11-23 00:00:00,,,,,,
1966-11-25 00:00:00,,,,,,
1966-11-28 00:00:00,,,,,,
1966-11-29 00:00:00,,,,,,
1966-11-30 00:00:00,,,,,,
1966-12-01 00:00:00,,,,,,
1966-12-02 00:00:00,,,,,,
1966-12-05 00:00:00,,,,,,
1966-12-06 00:00:00,,,,,,
1966-12-07 00:00:00,,,,,,
1966-12-08 00:00:00,,,,,,
1966-12-09 00:00:00,,,,,,
1966-12-12 00:00:00,,,,,,
1966-12-13 00:00:00,,,,,,
1966-12-14 00:00:00,,,,,,
1966-12-15 00:00:00,,,,,,
1966-12-16 00:00:00,,,,,,
1966-12-19 00:00:00,,,,,,
1966-12-20 00:00:00,,,,,,
1966-12-21 00:00:00,,,,,,
1966-12-22 00:00:00,,,,,,
1966-12-23 00:00:00,,,,,,
1966-12-27 00:00:00,,,,,,
1966-12-28 00:00:00,,,,,,
1966-12-29 00:00:00,,,,,,
1966-12-30 00:00:00,,,,,,
1967-01-03 00:00:00,,,,,,
1967-01-04 00:00:00,,,,,,
1967-01-05 00:00:00,,,,,,
1967-01-06 00:00:00,,,,,,
1967-01-09 00:00:00,,,,,,
1967-01-10 00:00:00,,,,,,
1967-01-11 00:00:00,,,,,,
1967-01-12 00:00:00,,,,,,
1967-01-13 00:00:00,,,,,,
1967-01-16 00:00:00,,,,,,
1967-01-17 00:00:00,,,,,,
1967-01-18 00:00:00,,,,,,
1967-01-19 00:00:00,,,,,,
1967-01-20 00:00:00,,,,,,
1967-01-23 00:00:00,,,,,,
1967-01-24 00:00:00,,,,,,
1967-01-25 00:00:00,,,,,,
1967-01-26 00:00:00,,,,,,
1967-01-27 00:00:00,,,,,,
1967-01-30 00:00:00,,,,,,
1967-01-31 00:00:00,,,,,,
1967-02-01 00:00:00,,,,,,
1967-02-02 00:00:00,,,,,,
1967-02-03 00:00:00,,,,,,
1967-02-06 00:00:00,,,,,,
1967-02-07 00:00:00,,,,,,
1967-02-08 00:00:00,,,,,,
1967-02-09 00:00:00,,,,,,
1967-02-10 00:00:00,,,,,,
1967-02-13 00:00:00,,,,,,
1967-02-14 00:00:00,,,,,,
1967-02-15 00:00:00,,,,,,
1967-02-16 00:00:00,,,,,,
1967-02-17 00:00:00,,,,,,
1967-02-20 00:00:00,,,,,,
1967-02-21 00:00:00,,,,,,
1967-02-23 00:00:00,,,,,,
1967-02-24 00:00:00,,,,,,
1967-02-27 00:00:00,,,,,,
1967-02-28 00:00:00,,,,,,
1967-03-01 00:00:00,,,,,,
1967-03-02 00:00:00,,,,,,
1967-03-03 00:00:00,,,,,,
1967-03-06 00:00:00,,,,,,
1967-03-07 00:00:00,,,,,,
1967-03-08 00:00:00,,,,,,
1967-03-09 00:00:00,,,,,,
1967-03-10 00:00:00,,,,,,
1967-03-13 00:00:00,,,,,,
1967-03-14 00:00:00,,,,,,
1967-03-15 00:00:00,,,,,,
1967-03-16 00:00:00,,,,,,
1967-03-17 00:00:00,,,,,,
1967-03-20 00:00:00,,,,,,
1967-03-21 00:00:00,,,,,,
1967-03-22 00:00:00,,,,,,
1967-03-23 00:00:00,,,,,,
1967-03-27 00:00:00,,,,,,
1967-03-28 00:00:00,,,,,,
1967-03-29 00:00:00,,,,,,
1967-03-30 00:00:00,,,,,,
1967-03-31 00:00:00,,,,,,
1967-04-03 00:00:00,,,,,,
1967-04-04 00:00:00,,,,,,
1967-04-05 00:00:00,,,,,,
1967-04-06 00:00:00,,,,,,
1967-04-07 00:00:00,,,,,,
1967-04-10 00:00:00,,,,,,
1967-04-11 00:00:00,,,,,,
1967-04-12 00:00:00,,,,,,
1967-04-13 00:00:00,,,,,,
1967-04-14 00:00:00,,,,,,
1967-04-17 00:00:00,,,,,,
1967-04-18 00:00:00,,,,,,
1967-04-19 00:00:00,,,,,,
1967-04-20 00:00:00,,,,,,
1967-04-21 00:00:00,,,,,,
1967-04-24 00:00:00,,,,,,
1967-04-25 00:00:00,,,,,,
1967-04-26 00:00:00,,,,,,
1967-04-27 00:00:00,,,,,,
1967-04-28 00:00:00,,,,,,
1967-05-01 00:00:00,,,,,,
1967-05-02 00:00:00,,,,,,
1967-05-03 00:00:00,,,,,,
1967-05-04 00:00:00,,,,,,
1967-05-05 00:00:00,,,,,,
1967-05-08 00:00:00,,,,,,
1967-05-09 00:00:00,,,,,,
1967-05-10 00:00:00,,,,,,
1967-05-11 00:00:00,,,,,,
1967-05-12 00:00:00,,,,,,
1967-05-15 00:00:00,,,,,,
1967-05-16 00:00:00,,,,,,
1967-05-17 00:00:00,,,,,,
1967-05-18 00:00:00,,,,,,
1967-05-19 00:00:00,,,,,,
1967-05-22 00:00:00,,,,,,
1967-05-23 00:00:00,,,,,,
1967-05-24 00:00:00,,,,,,
1967-05-25 00:00:00,,,,,,
1967-05-26 00:00:00,,,,,,
1967-05-29 00:00:00,,,,,,
1967-05-31 00:00:00,,,,,,
1967-06-01 00:00:00,,,,,,
1967-06-02 00:00:00,,,,,,
1967-06-05 00:00:00,,,,,,
1967-06-06 00:00:00,,,,,,
1967-06-07 00:00:00,,,,,,
1967-06-08 00:00:00,,,,,,
1967-06-09 00:00:00,,,,,,
1967-06-12 00:00:00,,,,,,
1967-06-13 00:00:00,,,,,,
1967-06-14 00:00:00,,,,,,
1967-06-15 00:00:00,,,,,,
1967-06-16 00:00:00,,,,,,
1967-06-19 00:00:00,,,,,,
1967-06-20 00:00:00,,,,,,
1967-06-21 00:00:00,,,,,,
1967-06-22 00:00:00,,,,,,
1967-06-23 00:00:00,,,,,,
1967-06-26 00:00:00,,,,,,
1967-06-27 00:00:00,,,,,,
1967-06-28 00:00:00,,,,,,
1967-06-29 00:00:00,,,,,,
1967-06-30 00:00:00,,,,,,
1967-07-03 00:00:00,,,,,,
1967-07-05 00:00:00,,,,,,
1967-07-06 00:00:00,,,,,,
1967-07-07 00:00:00,,,,,,
1967-07-10 00:00:00,,,,,,
1967-07-11 00:00:00,,,,,,
1967-07-12 00:00:00,,,,,,
1967-07-13 00:00:00,,,,,,
1967-07-14 00:00:00,,,,,,
1967-07-17 00:00:00,,,,,,
1967-07-18 00:00:00,,,,,,
1967-07-19 00:00:00,,,,,,
1967-07-20 00:00:00,,,,,,
1967-07-21 00:00:00,,,,,,
1967-07-24 00:00:00,,,,,,
1967-07-25 00:00:00,,,,,,
1967-07-26 00:00:00,,,,,,
1967-07-27 00:00:00,,,,,,
1967-07-28 00:00:00,,,,,,
1967-07-31 00:00:00,,,,,,
1967-08-01 00:00:00,,,,,,
1967-08-02 00:00:00,,,,,,
1967-08-03 00:00:00,,,,,,
1967-08-04 00:00:00,,,,,,
1967-08-07 00:00:00,,,,,,
1967-08-08 00:00:00,,,,,,
1967-08-09 00:00:00,,,,,,
1967-08-10 00:00:00,,,,,,
1967-08-11 00:00:00,,,,,,
1967-08-14 00:00:00,,,,,,
1967-08-15 00:00:00,,,,,,
1967-08-16 00:00:00,,,,,,
1967-08-17 00:00:00,,,,,,
1967-08-18 00:00:00,,,,,,
1967-08-21 00:00:00,,,,,,
1967-08-22 00:00:00,,,,,,
1967-08-23 00:00:00,,,,,,
1967-08-24 00:00:00,,,,,,
1967-08-25 00:00:00,,,,,,
1967-08-28 00:00:00,,,,,,
1967-08-29 00:00:00,,,,,,
1967-08-30 00:00:00,,,,,,
1967-08-31 00:00:00,,,,,,
1967-09-01 00:00:00,,,,,,
1967-09-05 00:00:00,,,,,,
1967-09-06 00:00:00,,,,,,
1967-09-07 00:00:00,,,,,,
1967-09-08 00:00:00,,,,,,
1967-09-11 00:00:00,,,,,,
1967-09-12 00:00:00,,,,,,
1967-09-13 00:00:00,,,,,,
1967-09-14 00:00:00,,,,,,
1967-09-15 00:00:00,,,,,,
1967-09-18 00:00:00,,,,,,
1967-09-19 00:00:00,,,,,,
1967-09-20 00:00:00,,,,,,
1967-09-21 00:00:00,,,,,,
1967-09-22 00:00:00,,,,,,
1967-09-25 00:00:00,,,,,,
1967-09-26 00:00:00,,,,,,
1967-09-27 00:00:00,,,,,,
1967-09-28 00:00:00,,,,,,
1967-09-29 00:00:00,,,,,,
1967-10-02 00:00:00,,,,,,
1967-10-03 00:00:00,,,,,,
1967-10-04 00:00:00,,,,,,
1967-10-05 00:00:00,,,,,,
1967-10-06 00:00:00,,,,,,
1967-10-09 00:00:00,,,,,,
1967-10-10 00:00:00,,,,,,
1967-10-11 00:00:00,,,,,,
1967-10-12 00:00:00,,,,,,
1967-10-13 00:00:00,,,,,,
1967-10-16 00:00:00,,,,,,
1967-10-17 00:00:00,,,,,,
1967-10-18 00:00:00,,,,,,
1967-10-19 00:00:00,,,,,,
1967-10-20 00:00:00,,,,,,
1967-10-23 00:00:00,,,,,,
1967-10-24 00:00:00,,,,,,
1967-10-25 00:00:00,,,,,,
1967-10-26 00:00:00,,,,,,
1967-10-27 00:00:00,,,,,,
1967-10-30 00:00:00,,,,,,
1967-10-31 00:00:00,,,,,,
1967-11-01 00:00:00,,,,,,
1967-11-02 00:00:00,,,,,,
1967-11-03 00:00:00,,,,,,
1967-11-06 00:00:00,,,,,,
1967-11-08 00:00:00,,,,,,
1967-11-09 00:00:00,,,,,,
1967-11-10 00:00:00,,,,,,
1967-11-13 00:00:00,,,,,,
1967-11-14 00:00:00,,,,,,
1967-11-15 00:00:00,,,,,,
1967-11-16 00:00:00,,,,,,
1967-11-17 00:00:00,,,,,,
1967-11-20 00:00:00,,,,,,
1967-11-21 00:00:00,,,,,,
1967-11-22 00:00:00,,,,,,
1967-11-24 00:00:00,,,,,,
1967-11-27 00:00:00,,,,,,
1967-11-28 00:00:00,,,,,,
1967-11-29 00:00:00,,,,,,
1967-11-30 00:00:00,,,,,,
1967-12-01 00:00:00,,,,,,
1967-12-04 00:00:00,,,,,,
1967-12-05 00:00:00,,,,,,
1967-12-06 00:00:00,,,,,,
1967-12-07 00:00:00,,,,,,
1967-12-08 00:00:00,,,,,,
1967-12-11 00:00:00,,,,,,
1967-12-12 00:00:00,,,,,,
1967-12-13 00:00:00,,,,,,
1967-12-14 00:00:00,,,,,,
1967-12-15 00:00:00,,,,,,
1967-12-18 00:00:00,,,,,,
1967-12-19 00:00:00,,,,,,
1967-12-20 00:00:00,,,,,,
1967-12-21 00:00:00,,,,,,
1967-12-22 00:00:00,,,,,,
1967-12-26 00:00:00,,,,,,
1967-12-27 00:00:00,,,,,,
1967-12-28 00:00:00,,,,,,
1967-12-29 00:00:00,,,,,,
1968-01-02 00:00:00,,,,,,
1968-01-03 00:00:00,,,,,,
1968-01-04 00:00:00,,,,,,
1968-01-05 00:00:00,,,,,,
1968-01-08 00:00:00,,,,,,
1968-01-09 00:00:00,,,,,,
1968-01-10 00:00:00,,,,,,
1968-01-11 00:00:00,,,,,,
1968-01-12 00:00:00,,,,,,
1968-01-15 00:00:00,,,,,,
1968-01-16 00:00:00,,,,,,
1968-01-17 00:00:00,,,,,,
1968-01-18 00:00:00,,,,,,
1968-01-19 00:00:00,,,,,,
1968-01-22 00:00:00,,,,,,
1968-01-23 00:00:00,,,,,,
1968-01-24 00:00:00,,,,,,
1968-01-25 00:00:00,,,,,,
1968-01-26 00:00:00,,,,,,
1968-01-29 00:00:00,,,,,,
1968-01-30 00:00:00,,,,,,
1968-01-31 00:00:00,,,,,,
1968-02-01 00:00:00,,,,,,
1968-02-02 00:00:00,,,,,,
1968-02-05 00:00:00,,,,,,
1968-02-06 00:00:00,,,,,,
1968-02-07 00:00:00,,,,,,
1968-02-08 00:00:00,,,,,,
1968-02-09 00:00:00,,,,,,
1968-02-13 00:00:00,,,,,,
1968-02-14 00:00:00,,,,,,
1968-02-15 00:00:00,,,,,,
1968-02-16 00:00:00,,,,,,
1968-02-19 00:00:00,,,,,,
1968-02-20 00:00:00,,,,,,
1968-02-21 00:00:00,,,,,,
1968-02-23 00:00:00,,,,,,
1968-02-26 00:00:00,,,,,,
1968-02-27 00:00:00,,,,,,
1968-02-28 00:00:00,,,,,,
1968-02-29 00:00:00,,,,,,
1968-03-01 00:00:00,,,,,,
1968-03-04 00:00:00,,,,,,
1968-03-05 00:00:00,,,,,,
1968-03-06 00:00:00,,,,,,
1968-03-07 00:00:00,,,,,,
1968-03-08 00:00:00,,,,,,
1968-03-11 00:00:00,,,,,,
1968-03-12 00:00:00,,,,,,
1968-03-13 00:00:00,,,,,,
1968-03-14 00:00:00,,,,,,
1968-03-15 00:00:00,,,,,,
1968-03-18 00:00:00,,,,,,
1968-03-19 00:00:00,,,,,,
1968-03-20 00:00:00,,,,,,
1968-03-21 00:00:00,,,,,,
1968-03-22 00:00:00,,,,,,
1968-03-25 00:00:00,,,,,,
1968-03-26 00:00:00,,,,,,
1968-03-27 00:00:00,,,,,,
1968-03-28 00:00:00,,,,,,
1968-03-29 00:00:00,,,,,,
1968-04-01 00:00:00,,,,,,
1968-04-02 00:00:00,,,,,,
1968-04-03 00:00:00,,,,,,
1968-04-04 00:00:00,,,,,,
1968-04-05 00:00:00,,,,,,
1968-04-08 00:00:00,,,,,,
1968-04-10 00:00:00,,,,,,
1968-04-11 00:00:00,,,,,,
1968-04-15 00:00:00,,,,,,
1968-04-16 00:00:00,,,,,,
1968-04-17 00:00:00,,,,,,
1968-04-18 00:00:00,,,,,,
1968-04-19 00:00:00,,,,,,
1968-04-22 00:00:00,,,,,,
1968-04-23 00:00:00,,,,,,
1968-04-24 00:00:00,,,,,,
1968-04-25 00:00:00,,,,,,
1968-04-26 00:00:00,,,,,,
1968-04-29 00:00:00,,,,,,
1968-04-30 00:00:00,,,,,,
1968-05-01 00:00:00,,,,,,
1968-05-02 00:00:00,,,,,,
1968-05-03 00:00:00,,,,,,
1968-05-06 00:00:00,,,,,,
1968-05-07 00:00:00,,,,,,
1968-05-08 00:00:00,,,,,,
1968-05-09 00:00:00,,,,,,
1968-05-10 00:00:00,,,,,,
1968-05-13 00:00:00,,,,,,
1968-05-14 00:00:00,,,,,,
1968-05-15 00:00:00,,,,,,
1968-05-16 00:00:00,,,,,,
1968-05-17 00:00:00,,,,,,
1968-05-20 00:00:00,,,,,,
1968-05-21 00:00:00,,,,,,
1968-05-22 00:00:00,,,,,,
1968-05-23 00:00:00,,,,,,
1968-05-24 00:00:00,,,,,,
1968-05-27 00:00:00,,,,,,
1968-05-28 00:00:00,,,,,,
1968-05-29 00:00:00,,,,,,
1968-05-31 00:00:00,,,,,,
1968-06-03 00:00:00,,,,,,
1968-06-04 00:00:00,,,,,,
1968-06-05 00:00:00,,,,,,
1968-06-06 00:00:00,,,,,,
1968-06-07 00:00:00,,,,,,
1968-06-10 00:00:00,,,,,,
1968-06-11 00:00:00,,,,,,
1968-06-13 00:00:00,,,,,,
1968-06-14 00:00:00,,,,,,
1968-06-17 00:00:00,,,,,,
1968-06-18 00:00:00,,,,,,
1968-06-20 00:00:00,,,,,,
1968-06-21 00:00:00,,,,,,
1968-06-24 00:00:00,,,,,,
1968-06-25 00:00:00,,,,,,
1968-06-27 00:00:00,,,,,,
1968-06-28 00:00:00,,,,,,
1968-07-01 00:00:00,,,,,,
1968-07-02 00:00:00,,,,,,
1968-07-03 00:00:00,,,,,,
1968-07-08 00:00:00,,,,,,
1968-07-09 00:00:00,,,,,,
1968-07-11 00:00:00,,,,,,
1968-07-12 00:00:00,,,,,,
1968-07-15 00:00:00,,,,,,
1968-07-16 00:00:00,,,,,,
1968-07-18 00:00:00,,,,,,
1968-07-19 00:00:00,,,,,,
1968-07-22 00:00:00,,,,,,
1968-07-23 00:00:00,,,,,,
1968-07-25 00:00:00,,,,,,
1968-07-26 00:00:00,,,,,,
1968-07-29 00:00:00,,,,,,
1968-07-30 00:00:00,,,,,,
1968-08-01 00:00:00,,,,,,
1968-08-02 00:00:00,,,,,,
1968-08-05 00:00:00,,,,,,
1968-08-06 00:00:00,,,,,,
1968-08-08 00:00:00,,,,,,
1968-08-09 00:00:00,,,,,,
1968-08-12 00:00:00,,,,,,
1968-08-13 00:00:00,,,,,,
1968-08-15 00:00:00,,,,,,
1968-08-16 00:00:00,,,,,,
1968-08-19 00:00:00,,,,,,
1968-08-20 00:00:00,,,,,,
1968-08-22 00:00:00,,,,,,
1968-08-23 00:00:00,,,,,,
1968-08-26 00:00:00,,,,,,
1968-08-27 00:00:00,,,,,,
1968-08-29 00:00:00,,,,,,
1968-08-30 00:00:00,,,,,,
1968-09-03 00:00:00,,,,,,
1968-09-04 00:00:00,,,,,,
1968-09-05 00:00:00,,,,,,
1968-09-06 00:00:00,,,,,,
1968-09-09 00:00:00,,,,,,
1968-09-10 00:00:00,,,,,,
1968-09-12 00:00:00,,,,,,
1968-09-13 00:00:00,,,,,,
1968-09-16 00:00:00,,,,,,
1968-09-17 00:00:00,,,,,,
1968-09-19 00:00:00,,,,,,
1968-09-20 00:00:00,,,,,,
1968-09-23 00:00:00,,,,,,
1968-09-24 00:00:00,,,,,,
1968-09-26 00:00:00,,,,,,
1968-09-27 00:00:00,,,,,,
1968-09-30 00:00:00,,,,,,
1968-10-01 00:00:00,,,,,,
1968-10-03 00:00:00,,,,,,
1968-10-04 00:00:00,,,,,,
1968-10-07 00:00:00,,,,,,
1968-10-08 00:00:00,,,,,,
1968-10-10 00:00:00,,,,,,
1968-10-11 00:00:00,,,,,,
1968-10-14 00:00:00,,,,,,
1968-10-15 00:00:00,,,,,,
1968-10-17 00:00:00,,,,,,
1968-10-18 00:00:00,,,,,,
1968-10-21 00:00:00,,,,,,
1968-10-22 00:00:00,,,,,,
1968-10-24 00:00:00,,,,,,
1968-10-25 00:00:00,,,,,,
1968-10-28 00:00:00,,,,,,
1968-10-29 00:00:00,,,,,,
1968-10-31 00:00:00,,,,,,
1968-11-01 00:00:00,,,,,,
1968-11-04 00:00:00,,,,,,
1968-11-06 00:00:00,,,,,,
1968-11-07 00:00:00,,,,,,
1968-11-08 00:00:00,,,,,,
1968-11-12 00:00:00,,,,,,
1968-11-13 00:00:00,,,,,,
1968-11-14 00:00:00,,,,,,
1968-11-15 00:00:00,,,,,,
1968-11-18 00:00:00,,,,,,
1968-11-19 00:00:00,,,,,,
1968-11-21 00:00:00,,,,,,
1968-11-22 00:00:00,,,,,,
1968-11-25 00:00:00,,,,,,
1968-11-26 00:00:00,,,,,,
1968-11-27 00:00:00,,,,,,
1968-11-29 00:00:00,,,,,,
1968-12-02 00:00:00,,,,,,
1968-12-03 00:00:00,,,,,,
1968-12-05 00:00:00,,,,,,
1968-12-06 00:00:00,,,,,,
1968-12-09 00:00:00,,,,,,
1968-12-10 00:00:00,,,,,,
1968-12-12 00:00:00,,,,,,
1968-12-13 00:00:00,,,,,,
1968-12-16 00:00:00,,,,,,
1968-12-17 00:00:00,,,,,,
1968-12-19 00:00:00,,,,,,
1968-12-20 00:00:00,,,,,,
1968-12-23 00:00:00,,,,,,
1968-12-24 00:00:00,,,,,,
1968-12-26 00:00:00,,,,,,
1968-12-27 00:00:00,,,,,,
1968-12-30 00:00:00,,,,,,
1968-12-31 00:00:00,,,,,,
1969-01-02 00:00:00,,,,,,
1969-01-03 00:00:00,,,,,,
1969-01-06 00:00:00,,,,,,
1969-01-07 00:00:00,,,,,,
1969-01-08 00:00:00,,,,,,
1969-01-09 00:00:00,,,,,,
1969-01-10 00:00:00,,,,,,
1969-01-13 00:00:00,,,,,,
1969-01-14 00:00:00,,,,,,
1969-01-15 00:00:00,,,,,,
1969-01-16 00:00:00,,,,,,
1969-01-17 00:00:00,,,,,,
1969-01-20 00:00:00,,,,,,
1969-01-21 00:00:00,,,,,,
1969-01-22 00:00:00,,,,,,
1969-01-23 00:00:00,,,,,,
1969-01-24 00:00:00,,,,,,
1969-01-27 00:00:00,,,,,,
1969-01-28 00:00:00,,,,,,
1969-01-29 00:00:00,,,,,,
1969-01-30 00:00:00,,,,,,
1969-01-31 00:00:00,,,,,,
1969-02-03 00:00:00,,,,,,
1969-02-04 00:00:00,,,,,,
1969-02-05 00:00:00,,,,,,
1969-02-06 00:00:00,,,,,,
1969-02-07 00:00:00,,,,,,
1969-02-11 00:00:00,,,,,,
1969-02-12 00:00:00,,,,,,
1969-02-13 00:00:00,,,,,,
1969-02-14 00:00:00,,,,,,
1969-02-17 00:00:00,,,,,,
1969-02-18 00:00:00,,,,,,
1969-02-19 00:00:00,,,,,,
1969-02-20 00:00:00,,,,,,
1969-02-24 00:00:00,,,,,,
1969-02-25 00:00:00,,,,,,
1969-02-26 00:00:00,,,,,,
1969-02-27 00:00:00,,,,,,
1969-02-28 00:00:00,,,,,,
1969-03-03 00:00:00,,,,,,
1969-03-04 00:00:00,,,,,,
1969-03-05 00:00:00,,,,,,
1969-03-06 00:00:00,,,,,,
1969-03-07 00:00:00,,,,,,
1969-03-10 00:00:00,,,,,,
1969-03-11 00:00:00,,,,,,
1969-03-12 00:00:00,,,,,,
1969-03-13 00:00:00,,,,,,
1969-03-14 00:00:00,,,,,,
1969-03-17 00:00:00,,,,,,
1969-03-18 00:00:00,,,,,,
1969-03-19 00:00:00,,,,,,
1969-03-20 00:00:00,,,,,,
1969-03-21 00:00:00,,,,,,
1969-03-24 00:00:00,,,,,,
1969-03-25 00:00:00,,,,,,
1969-03-26 00:00:00,,,,,,
1969-03-27 00:00:00,,,,,,
1969-03-28 00:00:00,,,,,,
1969-04-01 00:00:00,,,,,,
1969-04-02 00:00:00,,,,,,
1969-04-03 00:00:00,,,,,,
1969-04-07 00:00:00,,,,,,
1969-04-08 00:00:00,,,,,,
1969-04-09 00:00:00,,,,,,
1969-04-10 00:00:00,,,,,,
1969-04-11 00:00:00,,,,,,
1969-04-14 00:00:00,,,,,,
1969-04-15 00:00:00,,,,,,
1969-04-16 00:00:00,,,,,,
1969-04-17 00:00:00,,,,,,
1969-04-18 00:00:00,,,,,,
1969-04-21 00:00:00,,,,,,
1969-04-22 00:00:00,,,,,,
1969-04-23 00:00:00,,,,,,
1969-04-24 00:00:00,,,,,,
1969-04-25 00:00:00,,,,,,
1969-04-28 00:00:00,,,,,,
1969-04-29 00:00:00,,,,,,
1969-04-30 00:00:00,,,,,,
1969-05-01 00:00:00,,,,,,
1969-05-02 00:00:00,,,,,,
1969-05-05 00:00:00,,,,,,
1969-05-06 00:00:00,,,,,,
1969-05-07 00:00:00,,,,,,
1969-05-08 00:00:00,,,,,,
1969-05-09 00:00:00,,,,,,
1969-05-12 00:00:00,,,,,,
1969-05-13 00:00:00,,,,,,
1969-05-14 00:00:00,,,,,,
1969-05-15 00:00:00,,,,,,
1969-05-16 00:00:00,,,,,,
1969-05-19 00:00:00,,,,,,
1969-05-20 00:00:00,,,,,,
1969-05-21 00:00:00,,,,,,
1969-05-22 00:00:00,,,,,,
1969-05-23 00:00:00,,,,,,
1969-05-26 00:00:00,,,,,,
1969-05-27 00:00:00,,,,,,
1969-05-28 00:00:00,,,,,,
1969-05-29 00:00:00,,,,,,
1969-06-02 00:00:00,,,,,,
1969-06-03 00:00:00,,,,,,
1969-06-04 00:00:00,,,,,,
1969-06-05 00:00:00,,,,,,
1969-06-06 00:00:00,,,,,,
1969-06-09 00:00:00,,,,,,
1969-06-10 00:00:00,,,,,,
1969-06-11 00:00:00,,,,,,
1969-06-12 00:00:00,,,,,,
1969-06-13 00:00:00,,,,,,
1969-06-16 00:00:00,,,,,,
1969-06-17 00:00:00,,,,,,
1969-06-18 00:00:00,,,,,,
1969-06-19 00:00:00,,,,,,
1969-06-20 00:00:00,,,,,,
1969-06-23 00:00:00,,,,,,
1969-06-24 00:00:00,,,,,,
1969-06-25 00:00:00,,,,,,
1969-06-26 00:00:00,,,,,,
1969-06-27 00:00:00,,,,,,
1969-06-30 00:00:00,,,,,,
1969-07-01 00:00:00,,,,,,
1969-07-02 00:00:00,,,,,,
1969-07-03 00:00:00,,,,,,
1969-07-07 00:00:00,,,,,,
1969-07-08 00:00:00,,,,,,
1969-07-09 00:00:00,,,,,,
1969-07-10 00:00:00,,,,,,
1969-07-11 00:00:00,,,,,,
1969-07-14 00:00:00,,,,,,
1969-07-15 00:00:00,,,,,,
1969-07-16 00:00:00,,,,,,
1969-07-17 00:00:00,,,,,,
1969-07-18 00:00:00,,,,,,
1969-07-22 00:00:00,,,,,,
1969-07-23 00:00:00,,,,,,
1969-07-24 00:00:00,,,,,,
1969-07-25 00:00:00,,,,,,
1969-07-28 00:00:00,,,,,,
1969-07-29 00:00:00,,,,,,
1969-07-30 00:00:00,,,,,,
1969-07-31 00:00:00,,,,,,
1969-08-01 00:00:00,,,,,,
1969-08-04 00:00:00,,,,,,
1969-08-05 00:00:00,,,,,,
1969-08-06 00:00:00,,,,,,
1969-08-07 00:00:00,,,,,,
1969-08-08 00:00:00,,,,,,
1969-08-11 00:00:00,,,,,,
1969-08-12 00:00:00,,,,,,
1969-08-13 00:00:00,,,,,,
1969-08-14 00:00:00,,,,,,
1969-08-15 00:00:00,,,,,,
1969-08-18 00:00:00,,,,,,
1969-08-19 00:00:00,,,,,,
1969-08-20 00:00:00,,,,,,
1969-08-21 00:00:00,,,,,,
1969-08-22 00:00:00,,,,,,
1969-08-25 00:00:00,,,,,,
1969-08-26 00:00:00,,,,,,
1969-08-27 00:00:00,,,,,,
1969-08-28 00:00:00,,,,,,
1969-08-29 00:00:00,,,,,,
1969-09-02 00:00:00,,,,,,
1969-09-03 00:00:00,,,,,,
1969-09-04 00:00:00,,,,,,
1969-09-05 00:00:00,,,,,,
1969-09-08 00:00:00,,,,,,
1969-09-09 00:00:00,,,,,,
1969-09-10 00:00:00,,,,,,
1969-09-11 00:00:00,,,,,,
1969-09-12 00:00:00,,,,,,
1969-09-15 00:00:00,,,,,,
1969-09-16 00:00:00,,,,,,
1969-09-17 00:00:00,,,,,,
1969-09-18 00:00:00,,,,,,
1969-09-19 00:00:00,,,,,,
1969-09-22 00:00:00,,,,,,
1969-09-23 00:00:00,,,,,,
1969-09-24 00:00:00,,,,,,
1969-09-25 00:00:00,,,,,,
1969-09-26 00:00:00,,,,,,
1969-09-29 00:00:00,,,,,,
1969-09-30 00:00:00,,,,,,
1969-10-01 00:00:00,,,,,,
1969-10-02 00:00:00,,,,,,
1969-10-03 00:00:00,,,,,,
1969-10-06 00:00:00,,,,,,
1969-10-07 00:00:00,,,,,,
1969-10-08 00:00:00,,,,,,
1969-10-09 00:00:00,,,,,,
1969-10-10 00:00:00,,,,,,
1969-10-13 00:00:00,,,,,,
1969-10-14 00:00:00,,,,,,
1969-10-15 00:00:00,,,,,,
1969-10-16 00:00:00,,,,,,
1969-10-17 00:00:00,,,,,,
1969-10-20 00:00:00,,,,,,
1969-10-21 00:00:00,,,,,,
1969-10-22 00:00:00,,,,,,
1969-10-23 00:00:00,,,,,,
1969-10-24 00:00:00,,,,,,
1969-10-27 00:00:00,,,,,,
1969-10-28 00:00:00,,,,,,
1969-10-29 00:00:00,,,,,,
1969-10-30 00:00:00,,,,,,
1969-10-31 00:00:00,,,,,,
1969-11-03 00:00:00,,,,,,
1969-11-04 00:00:00,,,,,,
1969-11-05 00:00:00,,,,,,
1969-11-06 00:00:00,,,,,,
1969-11-07 00:00:00,,,,,,
1969-11-10 00:00:00,,,,,,
1969-11-11 00:00:00,,,,,,
1969-11-12 00:00:00,,,,,,
1969-11-13 00:00:00,,,,,,
1969-11-14 00:00:00,,,,,,
1969-11-17 00:00:00,,,,,,
1969-11-18 00:00:00,,,,,,
1969-11-19 00:00:00,,,,,,
1969-11-20 00:00:00,,,,,,
1969-11-21 00:00:00,,,,,,
1969-11-24 00:00:00,,,,,,
1969-11-25 00:00:00,,,,,,
1969-11-26 00:00:00,,,,,,
1969-11-28 00:00:00,,,,,,
1969-12-01 00:00:00,,,,,,
1969-12-02 00:00:00,,,,,,
1969-12-03 00:00:00,,,,,,
1969-12-04 00:00:00,,,,,,
1969-12-05 00:00:00,,,,,,
1969-12-08 00:00:00,,,,,,
1969-12-09 00:00:00,,,,,,
1969-12-10 00:00:00,,,,,,
1969-12-11 00:00:00,,,,,,
1969-12-12 00:00:00,,,,,,
1969-12-15 00:00:00,,,,,,
1969-12-16 00:00:00,,,,,,
1969-12-17 00:00:00,,,,,,
1969-12-18 00:00:00,,,,,,
1969-12-19 00:00:00,,,,,,
1969-12-22 00:00:00,,,,,,
1969-12-23 00:00:00,,,,,,
1969-12-24 00:00:00,,,,,,
1969-12-26 00:00:00,,,,,,
1969-12-29 00:00:00,,,,,,
1969-12-30 00:00:00,,,,,,
1969-12-31 00:00:00,,,,,,
1970-01-02 00:00:00,,,,,,
1970-01-05 00:00:00,,,,,,
1970-01-06 00:00:00,,,,,,
1970-01-07 00:00:00,,,,,,
1970-01-08 00:00:00,,,,,,
1970-01-09 00:00:00,,,,,,
1970-01-12 00:00:00,,,,,,
1970-01-13 00:00:00,,,,,,
1970-01-14 00:00:00,,,,,,
1970-01-15 00:00:00,,,,,,
1970-01-16 00:00:00,,,,,,
1970-01-19 00:00:00,,,,,,
1970-01-20 00:00:00,,,,,,
1970-01-21 00:00:00,,,,,,
1970-01-22 00:00:00,,,,,,
1970-01-23 00:00:00,,,,,,
1970-01-26 00:00:00,,,,,,
1970-01-27 00:00:00,,,,,,
1970-01-28 00:00:00,,,,,,
1970-01-29 00:00:00,,,,,,
1970-01-30 00:00:00,,,,,,
1970-02-02 00:00:00,,,,,,
1970-02-03 00:00:00,,,,,,
1970-02-04 00:00:00,,,,,,
1970-02-05 00:00:00,,,,,,
1970-02-06 00:00:00,,,,,,
1970-02-09 00:00:00,,,,,,
1970-02-10 00:00:00,,,,,,
1970-02-11 00:00:00,,,,,,
1970-02-12 00:00:00,,,,,,
1970-02-13 00:00:00,,,,,,
1970-02-16 00:00:00,,,,,,
1970-02-17 00:00:00,,,,,,
1970-02-18 00:00:00,,,,,,
1970-02-19 00:00:00,,,,,,
1970-02-20 00:00:00,,,,,,
1970-02-24 00:00:00,,,,,,
1970-02-25 00:00:00,,,,,,
1970-02-26 00:00:00,,,,,,
1970-02-27 00:00:00,,,,,,
1970-03-02 00:00:00,,,,,,
1970-03-03 00:00:00,,,,,,
1970-03-04 00:00:00,,,,,,
1970-03-05 00:00:00,,,,,,
1970-03-06 00:00:00,,,,,,
1970-03-09 00:00:00,,,,,,
1970-03-10 00:00:00,,,,,,
1970-03-11 00:00:00,,,,,,
1970-03-12 00:00:00,,,,,,
1970-03-13 00:00:00,,,,,,
1970-03-16 00:00:00,,,,,,
1970-03-17 00:00:00,,,,,,
1970-03-18 00:00:00,,,,,,
1970-03-19 00:00:00,,,,,,
1970-03-20 00:00:00,,,,,,
1970-03-23 00:00:00,,,,,,
1970-03-24 00:00:00,,,,,,
1970-03-25 00:00:00,,,,,,
1970-03-26 00:00:00,,,,,,
1970-03-30 00:00:00,,,,,,
1970-03-31 00:00:00,,,,,,
1970-04-01 00:00:00,,,,,,
1970-04-02 00:00:00,,,,,,
1970-04-03 00:00:00,,,,,,
1970-04-06 00:00:00,,,,,,
1970-04-07 00:00:00,,,,,,
1970-04-08 00:00:00,,,,,,
1970-04-09 00:00:00,,,,,,
1970-04-10 00:00:00,,,,,,
1970-04-13 00:00:00,,,,,,
1970-04-14 00:00:00,,,,,,
1970-04-15 00:00:00,,,,,,
1970-04-16 00:00:00,,,,,,
1970-04-17 00:00:00,,,,,,
1970-04-20 00:00:00,,,,,,
1970-04-21 00:00:00,,,,,,
1970-04-22 00:00:00,,,,,,
1970-04-23 00:00:00,,,,,,
1970-04-24 00:00:00,,,,,,
1970-04-27 00:00:00,,,,,,
1970-04-28 00:00:00,,,,,,
1970-04-29 00:00:00,,,,,,
1970-04-30 00:00:00,,,,,,
1970-05-01 00:00:00,,,,,,
1970-05-04 00:00:00,,,,,,
1970-05-05 00:00:00,,,,,,
1970-05-06 00:00:00,,,,,,
1970-05-07 00:00:00,,,,,,
1970-05-08 00:00:00,,,,,,
1970-05-11 00:00:00,,,,,,
1970-05-12 00:00:00,,,,,,
1970-05-13 00:00:00,,,,,,
1970-05-14 00:00:00,,,,,,
1970-05-15 00:00:00,,,,,,
1970-05-18 00:00:00,,,,,,
1970-05-19 00:00:00,,,,,,
1970-05-20 00:00:00,,,,,,
1970-05-21 00:00:00,,,,,,
1970-05-22 00:00:00,,,,,,
1970-05-25 00:00:00,,,,,,
1970-05-26 00:00:00,,,,,,
1970-05-27 00:00:00,,,,,,
1970-05-28 00:00:00,,,,,,
1970-05-29 00:00:00,,,,,,
1970-06-01 00:00:00,,,,,,
1970-06-02 00:00:00,,,,,,
1970-06-03 00:00:00,,,,,,
1970-06-04 00:00:00,,,,,,
1970-06-05 00:00:00,,,,,,
1970-06-08 00:00:00,,,,,,
1970-06-09 00:00:00,,,,,,
1970-06-10 00:00:00,,,,,,
1970-06-11 00:00:00,,,,,,
1970-06-12 00:00:00,,,,,,
1970-06-15 00:00:00,,,,,,
1970-06-16 00:00:00,,,,,,
1970-06-17 00:00:00,,,,,,
1970-06-18 00:00:00,,,,,,
1970-06-19 00:00:00,,,,,,
1970-06-22 00:00:00,,,,,,
1970-06-23 00:00:00,,,,,,
1970-06-24 00:00:00,,,,,,
1970-06-25 00:00:00,,,,,,
1970-06-26 00:00:00,,,,,,
1970-06-29 00:00:00,,,,,,
1970-06-30 00:00:00,,,,,,
1970-07-01 00:00:00,,,,,,
1970-07-02 00:00:00,,,,,,
1970-07-06 00:00:00,,,,,,
1970-07-07 00:00:00,,,,,,
1970-07-08 00:00:00,,,,,,
1970-07-09 00:00:00,,,,,,
1970-07-10 00:00:00,,,,,,
1970-07-13 00:00:00,,,,,,
1970-07-14 00:00:00,,,,,,
1970-07-15 00:00:00,,,,,,
1970-07-16 00:00:00,,,,,,
1970-07-17 00:00:00,,,,,,
1970-07-20 00:00:00,,,,,,
1970-07-21 00:00:00,,,,,,
1970-07-22 00:00:00,,,,,,
1970-07-23 00:00:00,,,,,,
1970-07-24 00:00:00,,,,,,
1970-07-27 00:00:00,,,,,,
1970-07-28 00:00:00,,,,,,
1970-07-29 00:00:00,,,,,,
1970-07-30 00:00:00,,,,,,
1970-07-31 00:00:00,,,,,,
1970-08-03 00:00:00,,,,,,
1970-08-04 00:00:00,,,,,,
1970-08-05 00:00:00,,,,,,
1970-08-06 00:00:00,,,,,,
1970-08-07 00:00:00,,,,,,
1970-08-10 00:00:00,,,,,,
1970-08-11 00:00:00,,,,,,
1970-08-12 00:00:00,,,,,,
1970-08-13 00:00:00,,,,,,
1970-08-14 00:00:00,,,,,,
1970-08-17 00:00:00,,,,,,
1970-08-18 00:00:00,,,,,,
1970-08-19 00:00:00,,,,,,
1970-08-20 00:00:00,,,,,,
1970-08-21 00:00:00,,,,,,
1970-08-24 00:00:00,,,,,,
1970-08-25 00:00:00,,,,,,
1970-08-26 00:00:00,,,,,,
1970-08-27 00:00:00,,,,,,
1970-08-28 00:00:00,,,,,,
1970-08-31 00:00:00,,,,,,
1970-09-01 00:00:00,,,,,,
1970-09-02 00:00:00,,,,,,
1970-09-03 00:00:00,,,,,,
1970-09-04 00:00:00,,,,,,
1970-09-08 00:00:00,,,,,,
1970-09-09 00:00:00,,,,,,
1970-09-10 00:00:00,,,,,,
1970-09-11 00:00:00,,,,,,
1970-09-14 00:00:00,,,,,,
1970-09-15 00:00:00,,,,,,
1970-09-16 00:00:00,,,,,,
1970-09-17 00:00:00,,,,,,
1970-09-18 00:00:00,,,,,,
1970-09-21 00:00:00,,,,,,
1970-09-22 00:00:00,,,,,,
1970-09-23 00:00:00,,,,,,
1970-09-24 00:00:00,,,,,,
1970-09-25 00:00:00,,,,,,
1970-09-28 00:00:00,,,,,,
1970-09-29 00:00:00,,,,,,
1970-09-30 00:00:00,,,,,,
1970-10-01 00:00:00,,,,,,
1970-10-02 00:00:00,,,,,,
1970-10-05 00:00:00,,,,,,
1970-10-06 00:00:00,,,,,,
1970-10-07 00:00:00,,,,,,
1970-10-08 00:00:00,,,,,,
1970-10-09 00:00:00,,,,,,
1970-10-12 00:00:00,,,,,,
1970-10-13 00:00:00,,,,,,
1970-10-14 00:00:00,,,,,,
1970-10-15 00:00:00,,,,,,
1970-10-16 00:00:00,,,,,,
1970-10-19 00:00:00,,,,,,
1970-10-20 00:00:00,,,,,,
1970-10-21 00:00:00,,,,,,
1970-10-22 00:00:00,,,,,,
1970-10-23 00:00:00,,,,,,
1970-10-26 00:00:00,,,,,,
1970-10-27 00:00:00,,,,,,
1970-10-28 00:00:00,,,,,,
1970-10-29 00:00:00,,,,,,
1970-10-30 00:00:00,,,,,,
1970-11-02 00:00:00,,,,,,
1970-11-03 00:00:00,,,,,,
1970-11-04 00:00:00,,,,,,
1970-11-05 00:00:00,,,,,,
1970-11-06 00:00:00,,,,,,
1970-11-09 00:00:00,,,,,,
1970-11-10 00:00:00,,,,,,
1970-11-11 00:00:00,,,,,,
1970-11-12 00:00:00,,,,,,
1970-11-13 00:00:00,,,,,,
1970-11-16 00:00:00,,,,,,
1970-11-17 00:00:00,,,,,,
1970-11-18 00:00:00,,,,,,
1970-11-19 00:00:00,,,,,,
1970-11-20 00:00:00,,,,,,
1970-11-23 00:00:00,,,,,,
1970-11-24 00:00:00,,,,,,
1970-11-25 00:00:00,,,,,,
1970-11-27 00:00:00,,,,,,
1970-11-30 00:00:00,,,,,,
1970-12-01 00:00:00,,,,,,
1970-12-02 00:00:00,,,,,,
1970-12-03 00:00:00,,,,,,
1970-12-04 00:00:00,,,,,,
1970-12-07 00:00:00,,,,,,
1970-12-08 00:00:00,,,,,,
1970-12-09 00:00:00,,,,,,
1970-12-10 00:00:00,,,,,,
1970-12-11 00:00:00,,,,,,
1970-12-14 00:00:00,,,,,,
1970-12-15 00:00:00,,,,,,
1970-12-16 00:00:00,,,,,,
1970-12-17 00:00:00,,,,,,
1970-12-18 00:00:00,,,,,,
1970-12-21 00:00:00,,,,,,
1970-12-22 00:00:00,,,,,,
1970-12-23 00:00:00,,,,,,
1970-12-24 00:00:00,,,,,,
1970-12-28 00:00:00,,,,,,
1970-12-29 00:00:00,,,,,,
1970-12-30 00:00:00,,,,,,
1970-12-31 00:00:00,,,,,,
1971-01-04 00:00:00,,,,,,
1971-01-05 00:00:00,,,,,,
1971-01-06 00:00:00,,,,,,
1971-01-07 00:00:00,,,,,,
1971-01-08 00:00:00,,,,,,
1971-01-11 00:00:00,,,,,,
1971-01-12 00:00:00,,,,,,
1971-01-13 00:00:00,,,,,,
1971-01-14 00:00:00,,,,,,
1971-01-15 00:00:00,,,,,,
1971-01-18 00:00:00,,,,,,
1971-01-19 00:00:00,,,,,,
1971-01-20 00:00:00,,,,,,
1971-01-21 00:00:00,,,,,,
1971-01-22 00:00:00,,,,,,
1971-01-25 00:00:00,,,,,,
1971-01-26 00:00:00,,,,,,
1971-01-27 00:00:00,,,,,,
1971-01-28 00:00:00,,,,,,
1971-01-29 00:00:00,,,,,,
1971-02-01 00:00:00,,,,,,
1971-02-02 00:00:00,,,,,,
1971-02-03 00:00:00,,,,,,
1971-02-04 00:00:00,,,,,,
1971-02-05 00:00:00,,,,,,
1971-02-08 00:00:00,,,,,,
1971-02-09 00:00:00,,,,,,
1971-02-10 00:00:00,,,,,,
1971-02-11 00:00:00,,,,,,
1971-02-12 00:00:00,,,,,,
1971-02-16 00:00:00,,,,,,
1971-02-17 00:00:00,,,,,,
1971-02-18 00:00:00,,,,,,
1971-02-19 00:00:00,,,,,,
1971-02-22 00:00:00,,,,,,
1971-02-23 00:00:00,,,,,,
1971-02-24 00:00:00,,,,,,
1971-02-25 00:00:00,,,,,,
1971-02-26 00:00:00,,,,,,
1971-03-01 00:00:00,,,,,,
1971-03-02 00:00:00,,,,,,
1971-03-03 00:00:00,,,,,,
1971-03-04 00:00:00,,,,,,
1971-03-05 00:00:00,,,,,,
1971-03-08 00:00:00,,,,,,
1971-03-09 00:00:00,,,,,,
1971-03-10 00:00:00,,,,,,
1971-03-11 00:00:00,,,,,,
1971-03-12 00:00:00,,,,,,
1971-03-15 00:00:00,,,,,,
1971-03-16 00:00:00,,,,,,
1971-03-17 00:00:00,,,,,,
1971-03-18 00:00:00,,,,,,
1971-03-19 00:00:00,,,,,,
1971-03-22 00:00:00,,,,,,
1971-03-23 00:00:00,,,,,,
1971-03-24 00:00:00,,,,,,
1971-03-25 00:00:00,,,,,,
1971-03-26 00:00:00,,,,,,
1971-03-29 00:00:00,,,,,,
1971-03-30 00:00:00,,,,,,
1971-03-31 00:00:00,,,,,,
1971-04-01 00:00:00,,,,,,
1971-04-02 00:00:00,,,,,,
1971-04-05 00:00:00,,,,,,
1971-04-06 00:00:00,,,,,,
1971-04-07 00:00:00,,,,,,
1971-04-08 00:00:00,,,,,,
1971-04-12 00:00:00,,,,,,
1971-04-13 00:00:00,,,,,,
1971-04-14 00:00:00,,,,,,
1971-04-15 00:00:00,,,,,,
1971-04-16 00:00:00,,,,,,
1971-04-19 00:00:00,,,,,,
1971-04-20 00:00:00,,,,,,
1971-04-21 00:00:00,,,,,,
1971-04-22 00:00:00,,,,,,
1971-04-23 00:00:00,,,,,,
1971-04-26 00:00:00,,,,,,
1971-04-27 00:00:00,,,,,,
1971-04-28 00:00:00,,,,,,
1971-04-29 00:00:00,,,,,,
1971-04-30 00:00:00,,,,,,
1971-05-03 00:00:00,,,,,,
1971-05-04 00:00:00,,,,,,
1971-05-05 00:00:00,,,,,,
1971-05-06 00:00:00,,,,,,
1971-05-07 00:00:00,,,,,,
1971-05-10 00:00:00,,,,,,
1971-05-11 00:00:00,,,,,,
1971-05-12 00:00:00,,,,,,
1971-05-13 00:00:00,,,,,,
1971-05-14 00:00:00,,,,,,
1971-05-17 00:00:00,,,,,,
1971-05-18 00:00:00,,,,,,
1971-05-19 00:00:00,,,,,,
1971-05-20 00:00:00,,,,,,
1971-05-21 00:00:00,,,,,,
1971-05-24 00:00:00,,,,,,
1971-05-25 00:00:00,,,,,,
1971-05-26 00:00:00,,,,,,
1971-05-27 00:00:00,,,,,,
1971-05-28 00:00:00,,,,,,
1971-06-01 00:00:00,,,,,,
1971-06-02 00:00:00,,,,,,
1971-06-03 00:00:00,,,,,,
1971-06-04 00:00:00,,,,,,
1971-06-07 00:00:00,,,,,,
1971-06-08 00:00:00,,,,,,
1971-06-09 00:00:00,,,,,,
1971-06-10 00:00:00,,,,,,
1971-06-11 00:00:00,,,,,,
1971-06-14 00:00:00,,,,,,
1971-06-15 00:00:00,,,,,,
1971-06-16 00:00:00,,,,,,
1971-06-17 00:00:00,,,,,,
1971-06-18 00:00:00,,,,,,
1971-06-21 00:00:00,,,,,,
1971-06-22 00:00:00,,,,,,
1971-06-23 00:00:00,,,,,,
1971-06-24 00:00:00,,,,,,
1971-06-25 00:00:00,,,,,,
1971-06-28 00:00:00,,,,,,
1971-06-29 00:00:00,,,,,,
1971-06-30 00:00:00,,,,,,
1971-07-01 00:00:00,,,,,,
1971-07-02 00:00:00,,,,,,
1971-07-06 00:00:00,,,,,,
1971-07-07 00:00:00,,,,,,
1971-07-08 00:00:00,,,,,,
1971-07-09 00:00:00,,,,,,
1971-07-12 00:00:00,,,,,,
1971-07-13 00:00:00,,,,,,
1971-07-14 00:00:00,,,,,,
1971-07-15 00:00:00,,,,,,
1971-07-16 00:00:00,,,,,,
1971-07-19 00:00:00,,,,,,
1971-07-20 00:00:00,,,,,,
1971-07-21 00:00:00,,,,,,
1971-07-22 00:00:00,,,,,,
1971-07-23 00:00:00,,,,,,
1971-07-26 00:00:00,,,,,,
1971-07-27 00:00:00,,,,,,
1971-07-28 00:00:00,,,,,,
1971-07-29 00:00:00,,,,,,
1971-07-30 00:00:00,,,,,,
1971-08-02 00:00:00,,,,,,
1971-08-03 00:00:00,,,,,,
1971-08-04 00:00:00,,,,,,
1971-08-05 00:00:00,,,,,,
1971-08-06 00:00:00,,,,,,
1971-08-09 00:00:00,,,,,,
1971-08-10 00:00:00,,,,,,
1971-08-11 00:00:00,,,,,,
1971-08-12 00:00:00,,,,,,
1971-08-13 00:00:00,,,,,,
1971-08-16 00:00:00,,,,,,
1971-08-17 00:00:00,,,,,,
1971-08-18 00:00:00,,,,,,
1971-08-19 00:00:00,,,,,,
1971-08-20 00:00:00,,,,,,
1971-08-23 00:00:00,,,,,,
1971-08-24 00:00:00,,,,,,
1971-08-25 00:00:00,,,,,,
1971-08-26 00:00:00,,,,,,
1971-08-27 00:00:00,,,,,,
1971-08-30 00:00:00,,,,,,
1971-08-31 00:00:00,,,,,,
1971-09-01 00:00:00,,,,,,
1971-09-02 00:00:00,,,,,,
1971-09-03 00:00:00,,,,,,
1971-09-07 00:00:00,,,,,,
1971-09-08 00:00:00,,,,,,
1971-09-09 00:00:00,,,,,,
1971-09-10 00:00:00,,,,,,
1971-09-13 00:00:00,,,,,,
1971-09-14 00:00:00,,,,,,
1971-09-15 00:00:00,,,,,,
1971-09-16 00:00:00,,,,,,
1971-09-17 00:00:00,,,,,,
1971-09-20 00:00:00,,,,,,
1971-09-21 00:00:00,,,,,,
1971-09-22 00:00:00,,,,,,
1971-09-23 00:00:00,,,,,,
1971-09-24 00:00:00,,,,,,
1971-09-27 00:00:00,,,,,,
1971-09-28 00:00:00,,,,,,
1971-09-29 00:00:00,,,,,,
1971-09-30 00:00:00,,,,,,
1971-10-01 00:00:00,,,,,,
1971-10-04 00:00:00,,,,,,
1971-10-05 00:00:00,,,,,,
1971-10-06 00:00:00,,,,,,
1971-10-07 00:00:00,,,,,,
1971-10-08 00:00:00,,,,,,
1971-10-11 00:00:00,,,,,,
1971-10-12 00:00:00,,,,,,
1971-10-13 00:00:00,,,,,,
1971-10-14 00:00:00,,,,,,
1971-10-15 00:00:00,,,,,,
1971-10-18 00:00:00,,,,,,
1971-10-19 00:00:00,,,,,,
1971-10-20 00:00:00,,,,,,
1971-10-21 00:00:00,,,,,,
1971-10-22 00:00:00,,,,,,
1971-10-25 00:00:00,,,,,,
1971-10-26 00:00:00,,,,,,
1971-10-27 00:00:00,,,,,,
1971-10-28 00:00:00,,,,,,
1971-10-29 00:00:00,,,,,,
1971-11-01 00:00:00,,,,,,
1971-11-02 00:00:00,,,,,,
1971-11-03 00:00:00,,,,,,
1971-11-04 00:00:00,,,,,,
1971-11-05 00:00:00,,,,,,
1971-11-08 00:00:00,,,,,,
1971-11-09 00:00:00,,,,,,
1971-11-10 00:00:00,,,,,,
1971-11-11 00:00:00,,,,,,
1971-11-12 00:00:00,,,,,,
1971-11-15 00:00:00,,,,,,
1971-11-16 00:00:00,,,,,,
1971-11-17 00:00:00,,,,,,
1971-11-18 00:00:00,,,,,,
1971-11-19 00:00:00,,,,,,
1971-11-22 00:00:00,,,,,,
1971-11-23 00:00:00,,,,,,
1971-11-24 00:00:00,,,,,,
1971-11-26 00:00:00,,,,,,
1971-11-29 00:00:00,,,,,,
1971-11-30 00:00:00,,,,,,
1971-12-01 00:00:00,,,,,,
1971-12-02 00:00:00,,,,,,
1971-12-03 00:00:00,,,,,,
1971-12-06 00:00:00,,,,,,
1971-12-07 00:00:00,,,,,,
1971-12-08 00:00:00,,,,,,
1971-12-09 00:00:00,,,,,,
1971-12-10 00:00:00,,,,,,
1971-12-13 00:00:00,,,,,,
1971-12-14 00:00:00,,,,,,
1971-12-15 00:00:00,,,,,,
1971-12-16 00:00:00,,,,,,
1971-12-17 00:00:00,,,,,,
1971-12-20 00:00:00,,,,,,
1971-12-21 00:00:00,,,,,,
1971-12-22 00:00:00,,,,,,
1971-12-23 00:00:00,,,,,,
1971-12-27 00:00:00,,,,,,
1971-12-28 00:00:00,,,,,,
1971-12-29 00:00:00,,,,,,
1971-12-30 00:00:00,,,,,,
1971-12-31 00:00:00,,,,,,
1972-01-03 00:00:00,,,,,,
1972-01-04 00:00:00,,,,,,
1972-01-05 00:00:00,,,,,,
1972-01-06 00:00:00,,,,,,
1972-01-07 00:00:00,,,,,,
1972-01-10 00:00:00,,,,,,
1972-01-11 00:00:00,,,,,,
1972-01-12 00:00:00,,,,,,
1972-01-13 00:00:00,,,,,,
1972-01-14 00:00:00,,,,,,
1972-01-17 00:00:00,,,,,,
1972-01-18 00:00:00,,,,,,
1972-01-19 00:00:00,,,,,,
1972-01-20 00:00:00,,,,,,
1972-01-21 00:00:00,,,,,,
1972-01-24 00:00:00,,,,,,
1972-01-25 00:00:00,,,,,,
1972-01-26 00:00:00,,,,,,
1972-01-27 00:00:00,,,,,,
1972-01-28 00:00:00,,,,,,
1972-01-31 00:00:00,,,,,,
1972-02-01 00:00:00,,,,,,
1972-02-02 00:00:00,,,,,,
1972-02-03 00:00:00,,,,,,
1972-02-04 00:00:00,,,,,,
1972-02-07 00:00:00,,,,,,
1972-02-08 00:00:00,,,,,,
1972-02-09 00:00:00,,,,,,
1972-02-10 00:00:00,,,,,,
1972-02-11 00:00:00,,,,,,
1972-02-14 00:00:00,,,,,,
1972-02-15 00:00:00,,,,,,
1972-02-16 00:00:00,,,,,,
1972-02-17 00:00:00,,,,,,
1972-02-18 00:00:00,,,,,,
1972-02-22 00:00:00,,,,,,
1972-02-23 00:00:00,,,,,,
1972-02-24 00:00:00,,,,,,
1972-02-25 00:00:00,,,,,,
1972-02-28 00:00:00,,,,,,
1972-02-29 00:00:00,,,,,,
1972-03-01 00:00:00,,,,,,
1972-03-02 00:00:00,,,,,,
1972-03-03 00:00:00,,,,,,
1972-03-06 00:00:00,,,,,,
1972-03-07 00:00:00,,,,,,
1972-03-08 00:00:00,,,,,,
1972-03-09 00:00:00,,,,,,
1972-03-10 00:00:00,,,,,,
1972-03-13 00:00:00,,,,,,
1972-03-14 00:00:00,,,,,,
1972-03-15 00:00:00,,,,,,
1972-03-16 00:00:00,,,,,,
1972-03-17 00:00:00,,,,,,
1972-03-20 00:00:00,,,,,,
1972-03-21 00:00:00,,,,,,
1972-03-22 00:00:00,,,,,,
1972-03-23 00:00:00,,,,,,
1972-03-24 00:00:00,,,,,,
1972-03-27 00:00:00,,,,,,
1972-03-28 00:00:00,,,,,,
1972-03-29 00:00:00,,,,,,
1972-03-30 00:00:00,,,,,,
1972-04-03 00:00:00,,,,,,
1972-04-04 00:00:00,,,,,,
1972-04-05 00:00:00,,,,,,
1972-04-06 00:00:00,,,,,,
1972-04-07 00:00:00,,,,,,
1972-04-10 00:00:00,,,,,,
1972-04-11 00:00:00,,,,,,
1972-04-12 00:00:00,,,,,,
1972-04-13 00:00:00,,,,,,
1972-04-14 00:00:00,,,,,,
1972-04-17 00:00:00,,,,,,
1972-04-18 00:00:00,,,,,,
1972-04-19 00:00:00,,,,,,
1972-04-20 00:00:00,,,,,,
1972-04-21 00:00:00,,,,,,
1972-04-24 00:00:00,,,,,,
1972-04-25 00:00:00,,,,,,
1972-04-26 00:00:00,,,,,,
1972-04-27 00:00:00,,,,,,
1972-04-28 00:00:00,,,,,,
1972-05-01 00:00:00,,,,,,
1972-05-02 00:00:00,,,,,,
1972-05-03 00:00:00,,,,,,
1972-05-04 00:00:00,,,,,,
1972-05-05 00:00:00,,,,,,
1972-05-08 00:00:00,,,,,,
1972-05-09 00:00:00,,,,,,
1972-05-10 00:00:00,,,,,,
1972-05-11 00:00:00,,,,,,
1972-05-12 00:00:00,,,,,,
1972-05-15 00:00:00,,,,,,
1972-05-16 00:00:00,,,,,,
1972-05-17 00:00:00,,,,,,
1972-05-18 00:00:00,,,,,,
1972-05-19 00:00:00,,,,,,
1972-05-22 00:00:00,,,,,,
1972-05-23 00:00:00,,,,,,
1972-05-24 00:00:00,,,,,,
1972-05-25 00:00:00,,,,,,
1972-05-26 00:00:00,,,,,,
1972-05-30 00:00:00,,,,,,
1972-05-31 00:00:00,,,,,,
1972-06-01 00:00:00,,,,,,
1972-06-02 00:00:00,,,,,,
1972-06-05 00:00:00,,,,,,
1972-06-06 00:00:00,,,,,,
1972-06-07 00:00:00,,,,,,
1972-06-08 00:00:00,,,,,,
1972-06-09 00:00:00,,,,,,
1972-06-12 00:00:00,,,,,,
1972-06-13 00:00:00,,,,,,
1972-06-14 00:00:00,,,,,,
1972-06-15 00:00:00,,,,,,
1972-06-16 00:00:00,,,,,,
1972-06-19 00:00:00,,,,,,
1972-06-20 00:00:00,,,,,,
1972-06-21 00:00:00,,,,,,
1972-06-22 00:00:00,,,,,,
1972-06-23 00:00:00,,,,,,
1972-06-26 00:00:00,,,,,,
1972-06-27 00:00:00,,,,,,
1972-06-28 00:00:00,,,,,,
1972-06-29 00:00:00,,,,,,
1972-06-30 00:00:00,,,,,,
1972-07-03 00:00:00,,,,,,
1972-07-05 00:00:00,,,,,,
1972-07-06 00:00:00,,,,,,
1972-07-07 00:00:00,,,,,,
1972-07-10 00:00:00,,,,,,
1972-07-11 00:00:00,,,,,,
1972-07-12 00:00:00,,,,,,
1972-07-13 00:00:00,,,,,,
1972-07-14 00:00:00,,,,,,
1972-07-17 00:00:00,,,,,,
1972-07-18 00:00:00,,,,,,
1972-07-19 00:00:00,,,,,,
1972-07-20 00:00:00,,,,,,
1972-07-21 00:00:00,,,,,,
1972-07-24 00:00:00,,,,,,
1972-07-25 00:00:00,,,,,,
1972-07-26 00:00:00,,,,,,
1972-07-27 00:00:00,,,,,,
1972-07-28 00:00:00,,,,,,
1972-07-31 00:00:00,,,,,,
1972-08-01 00:00:00,,,,,,
1972-08-02 00:00:00,,,,,,
1972-08-03 00:00:00,,,,,,
1972-08-04 00:00:00,,,,,,
1972-08-07 00:00:00,,,,,,
1972-08-08 00:00:00,,,,,,
1972-08-09 00:00:00,,,,,,
1972-08-10 00:00:00,,,,,,
1972-08-11 00:00:00,,,,,,
1972-08-14 00:00:00,,,,,,
1972-08-15 00:00:00,,,,,,
1972-08-16 00:00:00,,,,,,
1972-08-17 00:00:00,,,,,,
1972-08-18 00:00:00,,,,,,
1972-08-21 00:00:00,,,,,,
1972-08-22 00:00:00,,,,,,
1972-08-23 00:00:00,,,,,,
1972-08-24 00:00:00,,,,,,
1972-08-25 00:00:00,,,,,,
1972-08-28 00:00:00,,,,,,
1972-08-29 00:00:00,,,,,,
1972-08-30 00:00:00,,,,,,
1972-08-31 00:00:00,,,,,,
1972-09-01 00:00:00,,,,,,
1972-09-05 00:00:00,,,,,,
1972-09-06 00:00:00,,,,,,
1972-09-07 00:00:00,,,,,,
1972-09-08 00:00:00,,,,,,
1972-09-11 00:00:00,,,,,,
1972-09-12 00:00:00,,,,,,
1972-09-13 00:00:00,,,,,,
1972-09-14 00:00:00,,,,,,
1972-09-15 00:00:00,,,,,,
1972-09-18 00:00:00,,,,,,
1972-09-19 00:00:00,,,,,,
1972-09-20 00:00:00,,,,,,
1972-09-21 00:00:00,,,,,,
1972-09-22 00:00:00,,,,,,
1972-09-25 00:00:00,,,,,,
1972-09-26 00:00:00,,,,,,
1972-09-27 00:00:00,,,,,,
1972-09-28 00:00:00,,,,,,
1972-09-29 00:00:00,,,,,,
1972-10-02 00:00:00,,,,,,
1972-10-03 00:00:00,,,,,,
1972-10-04 00:00:00,,,,,,
1972-10-05 00:00:00,,,,,,
1972-10-06 00:00:00,,,,,,
1972-10-09 00:00:00,,,,,,
1972-10-10 00:00:00,,,,,,
1972-10-11 00:00:00,,,,,,
1972-10-12 00:00:00,,,,,,
1972-10-13 00:00:00,,,,,,
1972-10-16 00:00:00,,,,,,
1972-10-17 00:00:00,,,,,,
1972-10-18 00:00:00,,,,,,
1972-10-19 00:00:00,,,,,,
1972-10-20 00:00:00,,,,,,
1972-10-23 00:00:00,,,,,,
1972-10-24 00:00:00,,,,,,
1972-10-25 00:00:00,,,,,,
1972-10-26 00:00:00,,,,,,
1972-10-27 00:00:00,,,,,,
1972-10-30 00:00:00,,,,,,
1972-10-31 00:00:00,,,,,,
1972-11-01 00:00:00,,,,,,
1972-11-02 00:00:00,,,,,,
1972-11-03 00:00:00,,,,,,
1972-11-06 00:00:00,,,,,,
1972-11-08 00:00:00,,,,,,
1972-11-09 00:00:00,,,,,,
1972-11-10 00:00:00,,,,,,
1972-11-13 00:00:00,,,,,,
1972-11-14 00:00:00,,,,,,
1972-11-15 00:00:00,,,,,,
1972-11-16 00:00:00,,,,,,
1972-11-17 00:00:00,,,,,,
1972-11-20 00:00:00,,,,,,
1972-11-21 00:00:00,,,,,,
1972-11-22 00:00:00,,,,,,
1972-11-24 00:00:00,,,,,,
1972-11-27 00:00:00,,,,,,
1972-11-28 00:00:00,,,,,,
1972-11-29 00:00:00,,,,,,
1972-11-30 00:00:00,,,,,,
1972-12-01 00:00:00,,,,,,
1972-12-04 00:00:00,,,,,,
1972-12-05 00:00:00,,,,,,
1972-12-06 00:00:00,,,,,,
1972-12-07 00:00:00,,,,,,
1972-12-08 00:00:00,,,,,,
1972-12-11 00:00:00,,,,,,
1972-12-12 00:00:00,,,,,,
1972-12-13 00:00:00,,,,,,
1972-12-14 00:00:00,,,,,,
1972-12-15 00:00:00,,,,,,
1972-12-18 00:00:00,,,,,,
1972-12-19 00:00:00,,,,,,
1972-12-20 00:00:00,,,,,,
1972-12-21 00:00:00,,,,,,
1972-12-22 00:00:00,,,,,,
1972-12-26 00:00:00,,,,,,
1972-12-27 00:00:00,,,,,,
1972-12-29 00:00:00,,,,,,
1973-01-02 00:00:00,,,,,,
1973-01-03 00:00:00,,,,,,
1973-01-04 00:00:00,,,,,,
1973-01-05 00:00:00,,,,,,
1973-01-08 00:00:00,,,,,,
1973-01-09 00:00:00,,,,,,
1973-01-10 00:00:00,,,,,,
1973-01-11 00:00:00,,,,,,
1973-01-12 00:00:00,,,,,,
1973-01-15 00:00:00,,,,,,
1973-01-16 00:00:00,,,,,,
1973-01-17 00:00:00,,,,,,
1973-01-18 00:00:00,,,,,,
1973-01-19 00:00:00,,,,,,
1973-01-22 00:00:00,,,,,,
1973-01-23 00:00:00,,,,,,
1973-01-24 00:00:00,,,,,,
1973-01-26 00:00:00,,,,,,
1973-01-29 00:00:00,,,,,,
1973-01-30 00:00:00,,,,,,
1973-01-31 00:00:00,,,,,,
1973-02-01 00:00:00,,,,,,
1973-02-02 00:00:00,,,,,,
1973-02-05 00:00:00,,,,,,
1973-02-06 00:00:00,,,,,,
1973-02-07 00:00:00,,,,,,
1973-02-08 00:00:00,,,,,,
1973-02-09 00:00:00,,,,,,
1973-02-12 00:00:00,,,,,,
1973-02-13 00:00:00,,,,,,
1973-02-14 00:00:00,,,,,,
1973-02-15 00:00:00,,,,,,
1973-02-16 00:00:00,,,,,,
1973-02-20 00:00:00,,,,,,
1973-02-21 00:00:00,,,,,,
1973-02-22 00:00:00,,,,,,
1973-02-23 00:00:00,,,,,,
1973-02-26 00:00:00,,,,,,
1973-02-27 00:00:00,,,,,,
1973-02-28 00:00:00,,,,,,
1973-03-01 00:00:00,,,,,,
1973-03-02 00:00:00,,,,,,
1973-03-05 00:00:00,,,,,,
1973-03-06 00:00:00,,,,,,
1973-03-07 00:00:00,,,,,,
1973-03-08 00:00:00,,,,,,
1973-03-09 00:00:00,,,,,,
1973-03-12 00:00:00,,,,,,
1973-03-13 00:00:00,,,,,,
1973-03-14 00:00:00,,,,,,
1973-03-15 00:00:00,,,,,,
1973-03-16 00:00:00,,,,,,
1973-03-19 00:00:00,,,,,,
1973-03-20 00:00:00,,,,,,
1973-03-21 00:00:00,,,,,,
1973-03-22 00:00:00,,,,,,
1973-03-23 00:00:00,,,,,,
1973-03-26 00:00:00,,,,,,
1973-03-27 00:00:00,,,,,,
1973-03-28 00:00:00,,,,,,
1973-03-29 00:00:00,,,,,,
1973-03-30 00:00:00,,,,,,
1973-04-02 00:00:00,,,,,,
1973-04-03 00:00:00,,,,,,
1973-04-04 00:00:00,,,,,,
1973-04-05 00:00:00,,,,,,
1973-04-06 00:00:00,,,,,,
1973-04-09 00:00:00,,,,,,
1973-04-10 00:00:00,,,,,,
1973-04-11 00:00:00,,,,,,
1973-04-12 00:00:00,,,,,,
1973-04-13 00:00:00,,,,,,
1973-04-16 00:00:00,,,,,,
1973-04-17 00:00:00,,,,,,
1973-04-18 00:00:00,,,,,,
1973-04-19 00:00:00,,,,,,
1973-04-23 00:00:00,,,,,,
1973-04-24 00:00:00,,,,,,
1973-04-25 00:00:00,,,,,,
1973-04-26 00:00:00,,,,,,
1973-04-27 00:00:00,,,,,,
1973-04-30 00:00:00,,,,,,
1973-05-01 00:00:00,,,,,,
1973-05-02 00:00:00,,,,,,
1973-05-03 00:00:00,,,,,,
1973-05-04 00:00:00,,,,,,
1973-05-07 00:00:00,,,,,,
1973-05-08 00:00:00,,,,,,
1973-05-09 00:00:00,,,,,,
1973-05-10 00:00:00,,,,,,
1973-05-11 00:00:00,,,,,,
1973-05-14 00:00:00,,,,,,
1973-05-15 00:00:00,,,,,,
1973-05-16 00:00:00,,,,,,
1973-05-17 00:00:00,,,,,,
1973-05-18 00:00:00,,,,,,
1973-05-21 00:00:00,,,,,,
1973-05-22 00:00:00,,,,,,
1973-05-23 00:00:00,,,,,,
1973-05-24 00:00:00,,,,,,
1973-05-25 00:00:00,,,,,,
1973-05-29 00:00:00,,,,,,
1973-05-30 00:00:00,,,,,,
1973-05-31 00:00:00,,,,,,
1973-06-01 00:00:00,,,,,,
1973-06-04 00:00:00,,,,,,
1973-06-05 00:00:00,,,,,,
1973-06-06 00:00:00,,,,,,
1973-06-07 00:00:00,,,,,,
1973-06-08 00:00:00,,,,,,
1973-06-11 00:00:00,,,,,,
1973-06-12 00:00:00,,,,,,
1973-06-13 00:00:00,,,,,,
1973-06-14 00:00:00,,,,,,
1973-06-15 00:00:00,,,,,,
1973-06-18 00:00:00,,,,,,
1973-06-19 00:00:00,,,,,,
1973-06-20 00:00:00,,,,,,
1973-06-21 00:00:00,,,,,,
1973-06-22 00:00:00,,,,,,
1973-06-25 00:00:00,,,,,,
1973-06-26 00:00:00,,,,,,
1973-06-27 00:00:00,,,,,,
1973-06-28 00:00:00,,,,,,
1973-06-29 00:00:00,,,,,,
1973-07-02 00:00:00,,,,,,
1973-07-03 00:00:00,,,,,,
1973-07-05 00:00:00,,,,,,
1973-07-06 00:00:00,,,,,,
1973-07-09 00:00:00,,,,,,
1973-07-10 00:00:00,,,,,,
1973-07-11 00:00:00,,,,,,
1973-07-12 00:00:00,,,,,,
1973-07-13 00:00:00,,,,,,
1973-07-16 00:00:00,,,,,,
1973-07-17 00:00:00,,,,,,
1973-07-18 00:00:00,,,,,,
1973-07-19 00:00:00,,,,,,
1973-07-20 00:00:00,,,,,,
1973-07-23 00:00:00,,,,,,
1973-07-24 00:00:00,,,,,,
1973-07-25 00:00:00,,,,,,
1973-07-26 00:00:00,,,,,,
1973-07-27 00:00:00,,,,,,
1973-07-30 00:00:00,,,,,,
1973-07-31 00:00:00,,,,,,
1973-08-01 00:00:00,,,,,,
1973-08-02 00:00:00,,,,,,
1973-08-03 00:00:00,,,,,,
1973-08-06 00:00:00,,,,,,
1973-08-07 00:00:00,,,,,,
1973-08-08 00:00:00,,,,,,
1973-08-09 00:00:00,,,,,,
1973-08-10 00:00:00,,,,,,
1973-08-13 00:00:00,,,,,,
1973-08-14 00:00:00,,,,,,
1973-08-15 00:00:00,,,,,,
1973-08-16 00:00:00,,,,,,
1973-08-17 00:00:00,,,,,,
1973-08-20 00:00:00,,,,,,
1973-08-21 00:00:00,,,,,,
1973-08-22 00:00:00,,,,,,
1973-08-23 00:00:00,,,,,,
1973-08-24 00:00:00,,,,,,
1973-08-27 00:00:00,,,,,,
1973-08-28 00:00:00,,,,,,
1973-08-29 00:00:00,,,,,,
1973-08-30 00:00:00,,,,,,
1973-08-31 00:00:00,,,,,,
1973-09-04 00:00:00,,,,,,
1973-09-05 00:00:00,,,,,,
1973-09-06 00:00:00,,,,,,
1973-09-07 00:00:00,,,,,,
1973-09-10 00:00:00,,,,,,
1973-09-11 00:00:00,,,,,,
1973-09-12 00:00:00,,,,,,
1973-09-13 00:00:00,,,,,,
1973-09-14 00:00:00,,,,,,
1973-09-17 00:00:00,,,,,,
1973-09-18 00:00:00,,,,,,
1973-09-19 00:00:00,,,,,,
1973-09-20 00:00:00,,,,,,
1973-09-21 00:00:00,,,,,,
1973-09-24 00:00:00,,,,,,
1973-09-25 00:00:00,,,,,,
1973-09-26 00:00:00,,,,,,
1973-09-27 00:00:00,,,,,,
1973-09-28 00:00:00,,,,,,
1973-10-01 00:00:00,,,,,,
1973-10-02 00:00:00,,,,,,
1973-10-03 00:00:00,,,,,,
1973-10-04 00:00:00,,,,,,
1973-10-05 00:00:00,,,,,,
1973-10-08 00:00:00,,,,,,
1973-10-09 00:00:00,,,,,,
1973-10-10 00:00:00,,,,,,
1973-10-11 00:00:00,,,,,,
1973-10-12 00:00:00,,,,,,
1973-10-15 00:00:00,,,,,,
1973-10-16 00:00:00,,,,,,
1973-10-17 00:00:00,,,,,,
1973-10-18 00:00:00,,,,,,
1973-10-19 00:00:00,,,,,,
1973-10-22 00:00:00,,,,,,
1973-10-23 00:00:00,,,,,,
1973-10-24 00:00:00,,,,,,
1973-10-25 00:00:00,,,,,,
1973-10-26 00:00:00,,,,,,
1973-10-29 00:00:00,,,,,,
1973-10-30 00:00:00,,,,,,
1973-10-31 00:00:00,,,,,,
1973-11-01 00:00:00,,,,,,
1973-11-02 00:00:00,,,,,,
1973-11-05 00:00:00,,,,,,
1973-11-06 00:00:00,,,,,,
1973-11-07 00:00:00,,,,,,
1973-11-08 00:00:00,,,,,,
1973-11-09 00:00:00,,,,,,
1973-11-12 00:00:00,,,,,,
1973-11-13 00:00:00,,,,,,
1973-11-14 00:00:00,,,,,,
1973-11-15 00:00:00,,,,,,
1973-11-16 00:00:00,,,,,,
1973-11-19 00:00:00,,,,,,
1973-11-20 00:00:00,,,,,,
1973-11-21 00:00:00,,,,,,
1973-11-23 00:00:00,,,,,,
1973-11-26 00:00:00,,,,,,
1973-11-27 00:00:00,,,,,,
1973-11-28 00:00:00,,,,,,
1973-11-29 00:00:00,,,,,,
1973-11-30 00:00:00,,,,,,
1973-12-03 00:00:00,,,,,,
1973-12-04 00:00:00,,,,,,
1973-12-05 00:00:00,,,,,,
1973-12-06 00:00:00,,,,,,
1973-12-07 00:00:00,,,,,,
1973-12-10 00:00:00,,,,,,
1973-12-11 00:00:00,,,,,,
1973-12-12 00:00:00,,,,,,
1973-12-13 00:00:00,,,,,,
1973-12-14 00:00:00,,,,,,
1973-12-17 00:00:00,,,,,,
1973-12-18 00:00:00,,,,,,
1973-12-19 00:00:00,,,,,,
1973-12-20 00:00:00,,,,,,
1973-12-21 00:00:00,,,,,,
1973-12-24 00:00:00,,,,,,
1973-12-26 00:00:00,,,,,,
1973-12-27 00:00:00,,,,,,
1973-12-28 00:00:00,,,,,,
1973-12-31 00:00:00,,,,,,
1974-01-02 00:00:00,,,,,,
1974-01-03 00:00:00,,,,,,
1974-01-04 00:00:00,,,,,,
1974-01-07 00:00:00,,,,,,
1974-01-08 00:00:00,,,,,,
1974-01-09 00:00:00,,,,,,
1974-01-10 00:00:00,,,,,,
1974-01-11 00:00:00,,,,,,
1974-01-14 00:00:00,,,,,,
1974-01-15 00:00:00,,,,,,
1974-01-16 00:00:00,,,,,,
1974-01-17 00:00:00,,,,,,
1974-01-18 00:00:00,,,,,,
1974-01-21 00:00:00,,,,,,
1974-01-22 00:00:00,,,,,,
1974-01-23 00:00:00,,,,,,
1974-01-24 00:00:00,,,,,,
1974-01-25 00:00:00,,,,,,
1974-01-28 00:00:00,,,,,,
1974-01-29 00:00:00,,,,,,
1974-01-30 00:00:00,,,,,,
1974-01-31 00:00:00,,,,,,
1974-02-01 00:00:00,,,,,,
1974-02-04 00:00:00,,,,,,
1974-02-05 00:00:00,,,,,,
1974-02-06 00:00:00,,,,,,
1974-02-07 00:00:00,,,,,,
1974-02-08 00:00:00,,,,,,
1974-02-11 00:00:00,,,,,,
1974-02-12 00:00:00,,,,,,
1974-02-13 00:00:00,,,,,,
1974-02-14 00:00:00,,,,,,
1974-02-15 00:00:00,,,,,,
1974-02-19 00:00:00,,,,,,
1974-02-20 00:00:00,,,,,,
1974-02-21 00:00:00,,,,,,
1974-02-22 00:00:00,,,,,,
1974-02-25 00:00:00,,,,,,
1974-02-26 00:00:00,,,,,,
1974-02-27 00:00:00,,,,,,
1974-02-28 00:00:00,,,,,,
1974-03-01 00:00:00,,,,,,
1974-03-04 00:00:00,,,,,,
1974-03-05 00:00:00,,,,,,
1974-03-06 00:00:00,,,,,,
1974-03-07 00:00:00,,,,,,
1974-03-08 00:00:00,,,,,,
1974-03-11 00:00:00,,,,,,
1974-03-12 00:00:00,,,,,,
1974-03-13 00:00:00,,,,,,
1974-03-14 00:00:00,,,,,,
1974-03-15 00:00:00,,,,,,
1974-03-18 00:00:00,,,,,,
1974-03-19 00:00:00,,,,,,
1974-03-20 00:00:00,,,,,,
1974-03-21 00:00:00,,,,,,
1974-03-22 00:00:00,,,,,,
1974-03-25 00:00:00,,,,,,
1974-03-26 00:00:00,,,,,,
1974-03-27 00:00:00,,,,,,
1974-03-28 00:00:00,,,,,,
1974-03-29 00:00:00,,,,,,
1974-04-01 00:00:00,,,,,,
1974-04-02 00:00:00,,,,,,
1974-04-03 00:00:00,,,,,,
1974-04-04 00:00:00,,,,,,
1974-04-05 00:00:00,,,,,,
1974-04-08 00:00:00,,,,,,
1974-04-09 00:00:00,,,,,,
1974-04-10 00:00:00,,,,,,
1974-04-11 00:00:00,,,,,,
1974-04-15 00:00:00,,,,,,
1974-04-16 00:00:00,,,,,,
1974-04-17 00:00:00,,,,,,
1974-04-18 00:00:00,,,,,,
1974-04-19 00:00:00,,,,,,
1974-04-22 00:00:00,,,,,,
1974-04-23 00:00:00,,,,,,
1974-04-24 00:00:00,,,,,,
1974-04-25 00:00:00,,,,,,
1974-04-26 00:00:00,,,,,,
1974-04-29 00:00:00,,,,,,
1974-04-30 00:00:00,,,,,,
1974-05-01 00:00:00,,,,,,
1974-05-02 00:00:00,,,,,,
1974-05-03 00:00:00,,,,,,
1974-05-06 00:00:00,,,,,,
1974-05-07 00:00:00,,,,,,
1974-05-08 00:00:00,,,,,,
1974-05-09 00:00:00,,,,,,
1974-05-10 00:00:00,,,,,,
1974-05-13 00:00:00,,,,,,
1974-05-14 00:00:00,,,,,,
1974-05-15 00:00:00,,,,,,
1974-05-16 00:00:00,,,,,,
1974-05-17 00:00:00,,,,,,
1974-05-20 00:00:00,,,,,,
1974-05-21 00:00:00,,,,,,
1974-05-22 00:00:00,,,,,,
1974-05-23 00:00:00,,,,,,
1974-05-24 00:00:00,,,,,,
1974-05-28 00:00:00,,,,,,
1974-05-29 00:00:00,,,,,,
1974-05-30 00:00:00,,,,,,
1974-05-31 00:00:00,,,,,,
1974-06-03 00:00:00,,,,,,
1974-06-04 00:00:00,,,,,,
1974-06-05 00:00:00,,,,,,
1974-06-06 00:00:00,,,,,,
1974-06-07 00:00:00,,,,,,
1974-06-10 00:00:00,,,,,,
1974-06-11 00:00:00,,,,,,
1974-06-12 00:00:00,,,,,,
1974-06-13 00:00:00,,,,,,
1974-06-14 00:00:00,,,,,,
1974-06-17 00:00:00,,,,,,
1974-06-18 00:00:00,,,,,,
1974-06-19 00:00:00,,,,,,
1974-06-20 00:00:00,,,,,,
1974-06-21 00:00:00,,,,,,
1974-06-24 00:00:00,,,,,,
1974-06-25 00:00:00,,,,,,
1974-06-26 00:00:00,,,,,,
1974-06-27 00:00:00,,,,,,
1974-06-28 00:00:00,,,,,,
1974-07-01 00:00:00,,,,,,
1974-07-02 00:00:00,,,,,,
1974-07-03 00:00:00,,,,,,
1974-07-05 00:00:00,,,,,,
1974-07-08 00:00:00,,,,,,
1974-07-09 00:00:00,,,,,,
1974-07-10 00:00:00,,,,,,
1974-07-11 00:00:00,,,,,,
1974-07-12 00:00:00,,,,,,
1974-07-15 00:00:00,,,,,,
1974-07-16 00:00:00,,,,,,
1974-07-17 00:00:00,,,,,,
1974-07-18 00:00:00,,,,,,
1974-07-19 00:00:00,,,,,,
1974-07-22 00:00:00,,,,,,
1974-07-23 00:00:00,,,,,,
1974-07-24 00:00:00,,,,,,
1974-07-25 00:00:00,,,,,,
1974-07-26 00:00:00,,,,,,
1974-07-29 00:00:00,,,,,,
1974-07-30 00:00:00,,,,,,
1974-07-31 00:00:00,,,,,,
1974-08-01 00:00:00,,,,,,
1974-08-02 00:00:00,,,,,,
1974-08-05 00:00:00,,,,,,
1974-08-06 00:00:00,,,,,,
1974-08-07 00:00:00,,,,,,
1974-08-08 00:00:00,,,,,,
1974-08-09 00:00:00,,,,,,
1974-08-12 00:00:00,,,,,,
1974-08-13 00:00:00,,,,,,
1974-08-14 00:00:00,,,,,,
1974-08-15 00:00:00,,,,,,
1974-08-16 00:00:00,,,,,,
1974-08-19 00:00:00,,,,,,
1974-08-20 00:00:00,,,,,,
1974-08-21 00:00:00,,,,,,
1974-08-22 00:00:00,,,,,,
1974-08-23 00:00:00,,,,,,
1974-08-26 00:00:00,,,,,,
1974-08-27 00:00:00,,,,,,
1974-08-28 00:00:00,,,,,,
1974-08-29 00:00:00,,,,,,
1974-08-30 00:00:00,,,,,,
1974-09-03 00:00:00,,,,,,
1974-09-04 00:00:00,,,,,,
1974-09-05 00:00:00,,,,,,
1974-09-06 00:00:00,,,,,,
1974-09-09 00:00:00,,,,,,
1974-09-10 00:00:00,,,,,,
1974-09-11 00:00:00,,,,,,
1974-09-12 00:00:00,,,,,,
1974-09-13 00:00:00,,,,,,
1974-09-16 00:00:00,,,,,,
1974-09-17 00:00:00,,,,,,
1974-09-18 00:00:00,,,,,,
1974-09-19 00:00:00,,,,,,
1974-09-20 00:00:00,,,,,,
1974-09-23 00:00:00,,,,,,
1974-09-24 00:00:00,,,,,,
1974-09-25 00:00:00,,,,,,
1974-09-26 00:00:00,,,,,,
1974-09-27 00:00:00,,,,,,
1974-09-30 00:00:00,,,,,,
1974-10-01 00:00:00,,,,,,
1974-10-02 00:00:00,,,,,,
1974-10-03 00:00:00,,,,,,
1974-10-04 00:00:00,,,,,,
1974-10-07 00:00:00,,,,,,
1974-10-08 00:00:00,,,,,,
1974-10-09 00:00:00,,,,,,
1974-10-10 00:00:00,,,,,,
1974-10-11 00:00:00,,,,,,
1974-10-14 00:00:00,,,,,,
1974-10-15 00:00:00,,,,,,
1974-10-16 00:00:00,,,,,,
1974-10-17 00:00:00,,,,,,
1974-10-18 00:00:00,,,,,,
1974-10-21 00:00:00,,,,,,
1974-10-22 00:00:00,,,,,,
1974-10-23 00:00:00,,,,,,
1974-10-24 00:00:00,,,,,,
1974-10-25 00:00:00,,,,,,
1974-10-28 00:00:00,,,,,,
1974-10-29 00:00:00,,,,,,
1974-10-30 00:00:00,,,,,,
1974-10-31 00:00:00,,,,,,
1974-11-01 00:00:00,,,,,,
1974-11-04 00:00:00,,,,,,
1974-11-05 00:00:00,,,,,,
1974-11-06 00:00:00,,,,,,
1974-11-07 00:00:00,,,,,,
1974-11-08 00:00:00,,,,,,
1974-11-11 00:00:00,,,,,,
1974-11-12 00:00:00,,,,,,
1974-11-13 00:00:00,,,,,,
1974-11-14 00:00:00,,,,,,
1974-11-15 00:00:00,,,,,,
1974-11-18 00:00:00,,,,,,
1974-11-19 00:00:00,,,,,,
1974-11-20 00:00:00,,,,,,
1974-11-21 00:00:00,,,,,,
1974-11-22 00:00:00,,,,,,
1974-11-25 00:00:00,,,,,,
1974-11-26 00:00:00,,,,,,
1974-11-27 00:00:00,,,,,,
1974-11-29 00:00:00,,,,,,
1974-12-02 00:00:00,,,,,,
1974-12-03 00:00:00,,,,,,
1974-12-04 00:00:00,,,,,,
1974-12-05 00:00:00,,,,,,
1974-12-06 00:00:00,,,,,,
1974-12-09 00:00:00,,,,,,
1974-12-10 00:00:00,,,,,,
1974-12-11 00:00:00,,,,,,
1974-12-12 00:00:00,,,,,,
1974-12-13 00:00:00,,,,,,
1974-12-16 00:00:00,,,,,,
1974-12-17 00:00:00,,,,,,
1974-12-18 00:00:00,,,,,,
1974-12-19 00:00:00,,,,,,
1974-12-20 00:00:00,,,,,,
1974-12-23 00:00:00,,,,,,
1974-12-24 00:00:00,,,,,,
1974-12-26 00:00:00,,,,,,
1974-12-27 00:00:00,,,,,,
1974-12-30 00:00:00,,,,,,
1974-12-31 00:00:00,,,,,,
1975-01-02 00:00:00,,,,,,
1975-01-03 00:00:00,,,,,,
1975-01-06 00:00:00,,,,,,
1975-01-07 00:00:00,,,,,,
1975-01-08 00:00:00,,,,,,
1975-01-09 00:00:00,,,,,,
1975-01-10 00:00:00,,,,,,
1975-01-13 00:00:00,,,,,,
1975-01-14 00:00:00,,,,,,
1975-01-15 00:00:00,,,,,,
1975-01-16 00:00:00,,,,,,
1975-01-17 00:00:00,,,,,,
1975-01-20 00:00:00,,,,,,
1975-01-21 00:00:00,,,,,,
1975-01-22 00:00:00,,,,,,
1975-01-23 00:00:00,,,,,,
1975-01-24 00:00:00,,,,,,
1975-01-27 00:00:00,,,,,,
1975-01-28 00:00:00,,,,,,
1975-01-29 00:00:00,,,,,,
1975-01-30 00:00:00,,,,,,
1975-01-31 00:00:00,,,,,,
1975-02-03 00:00:00,,,,,,
1975-02-04 00:00:00,,,,,,
1975-02-05 00:00:00,,,,,,
1975-02-06 00:00:00,,,,,,
1975-02-07 00:00:00,,,,,,
1975-02-10 00:00:00,,,,,,
1975-02-11 00:00:00,,,,,,
1975-02-12 00:00:00,,,,,,
1975-02-13 00:00:00,,,,,,
1975-02-14 00:00:00,,,,,,
1975-02-18 00:00:00,,,,,,
1975-02-19 00:00:00,,,,,,
1975-02-20 00:00:00,,,,,,
1975-02-21 00:00:00,,,,,,
1975-02-24 00:00:00,,,,,,
1975-02-25 00:00:00,,,,,,
1975-02-26 00:00:00,,,,,,
1975-02-27 00:00:00,,,,,,
1975-02-28 00:00:00,,,,,,
1975-03-03 00:00:00,,,,,,
1975-03-04 00:00:00,,,,,,
1975-03-05 00:00:00,,,,,,
1975-03-06 00:00:00,,,,,,
1975-03-07 00:00:00,,,,,,
1975-03-10 00:00:00,,,,,,
1975-03-11 00:00:00,,,,,,
1975-03-12 00:00:00,,,,,,
1975-03-13 00:00:00,,,,,,
1975-03-14 00:00:00,,,,,,
1975-03-17 00:00:00,,,,,,
1975-03-18 00:00:00,,,,,,
1975-03-19 00:00:00,,,,,,
1975-03-20 00:00:00,,,,,,
1975-03-21 00:00:00,,,,,,
1975-03-24 00:00:00,,,,,,
1975-03-25 00:00:00,,,,,,
1975-03-26 00:00:00,,,,,,
1975-03-27 00:00:00,,,,,,
1975-03-31 00:00:00,,,,,,
1975-04-01 00:00:00,,,,,,
1975-04-02 00:00:00,,,,,,
1975-04-03 00:00:00,,,,,,
1975-04-04 00:00:00,,,,,,
1975-04-07 00:00:00,,,,,,
1975-04-08 00:00:00,,,,,,
1975-04-09 00:00:00,,,,,,
1975-04-10 00:00:00,,,,,,
1975-04-11 00:00:00,,,,,,
1975-04-14 00:00:00,,,,,,
1975-04-15 00:00:00,,,,,,
1975-04-16 00:00:00,,,,,,
1975-04-17 00:00:00,,,,,,
1975-04-18 00:00:00,,,,,,
1975-04-21 00:00:00,,,,,,
1975-04-22 00:00:00,,,,,,
1975-04-23 00:00:00,,,,,,
1975-04-24 00:00:00,,,,,,
1975-04-25 00:00:00,,,,,,
1975-04-28 00:00:00,,,,,,
1975-04-29 00:00:00,,,,,,
1975-04-30 00:00:00,,,,,,
1975-05-01 00:00:00,,,,,,
1975-05-02 00:00:00,,,,,,
1975-05-05 00:00:00,,,,,,
1975-05-06 00:00:00,,,,,,
1975-05-07 00:00:00,,,,,,
1975-05-08 00:00:00,,,,,,
1975-05-09 00:00:00,,,,,,
1975-05-12 00:00:00,,,,,,
1975-05-13 00:00:00,,,,,,
1975-05-14 00:00:00,,,,,,
1975-05-15 00:00:00,,,,,,
1975-05-16 00:00:00,,,,,,
1975-05-19 00:00:00,,,,,,
1975-05-20 00:00:00,,,,,,
1975-05-21 00:00:00,,,,,,
1975-05-22 00:00:00,,,,,,
1975-05-23 00:00:00,,,,,,
1975-05-27 00:00:00,,,,,,
1975-05-28 00:00:00,,,,,,
1975-05-29 00:00:00,,,,,,
1975-05-30 00:00:00,,,,,,
1975-06-02 00:00:00,,,,,,
1975-06-03 00:00:00,,,,,,
1975-06-04 00:00:00,,,,,,
1975-06-05 00:00:00,,,,,,
1975-06-06 00:00:00,,,,,,
1975-06-09 00:00:00,,,,,,
1975-06-10 00:00:00,,,,,,
1975-06-11 00:00:00,,,,,,
1975-06-12 00:00:00,,,,,,
1975-06-13 00:00:00,,,,,,
1975-06-16 00:00:00,,,,,,
1975-06-17 00:00:00,,,,,,
1975-06-18 00:00:00,,,,,,
1975-06-19 00:00:00,,,,,,
1975-06-20 00:00:00,,,,,,
1975-06-23 00:00:00,,,,,,
1975-06-24 00:00:00,,,,,,
1975-06-25 00:00:00,,,,,,
1975-06-26 00:00:00,,,,,,
1975-06-27 00:00:00,,,,,,
1975-06-30 00:00:00,,,,,,
1975-07-01 00:00:00,,,,,,
1975-07-02 00:00:00,,,,,,
1975-07-03 00:00:00,,,,,,
1975-07-07 00:00:00,,,,,,
1975-07-08 00:00:00,,,,,,
1975-07-09 00:00:00,,,,,,
1975-07-10 00:00:00,,,,,,
1975-07-11 00:00:00,,,,,,
1975-07-14 00:00:00,,,,,,
1975-07-15 00:00:00,,,,,,
1975-07-16 00:00:00,,,,,,
1975-07-17 00:00:00,,,,,,
1975-07-18 00:00:00,,,,,,
1975-07-21 00:00:00,,,,,,
1975-07-22 00:00:00,,,,,,
1975-07-23 00:00:00,,,,,,
1975-07-24 00:00:00,,,,,,
1975-07-25 00:00:00,,,,,,
1975-07-28 00:00:00,,,,,,
1975-07-29 00:00:00,,,,,,
1975-07-30 00:00:00,,,,,,
1975-07-31 00:00:00,,,,,,
1975-08-01 00:00:00,,,,,,
1975-08-04 00:00:00,,,,,,
1975-08-05 00:00:00,,,,,,
1975-08-06 00:00:00,,,,,,
1975-08-07 00:00:00,,,,,,
1975-08-08 00:00:00,,,,,,
1975-08-11 00:00:00,,,,,,
1975-08-12 00:00:00,,,,,,
1975-08-13 00:00:00,,,,,,
1975-08-14 00:00:00,,,,,,
1975-08-15 00:00:00,,,,,,
1975-08-18 00:00:00,,,,,,
1975-08-19 00:00:00,,,,,,
1975-08-20 00:00:00,,,,,,
1975-08-21 00:00:00,,,,,,
1975-08-22 00:00:00,,,,,,
1975-08-25 00:00:00,,,,,,
1975-08-26 00:00:00,,,,,,
1975-08-27 00:00:00,,,,,,
1975-08-28 00:00:00,,,,,,
1975-08-29 00:00:00,,,,,,
1975-09-02 00:00:00,,,,,,
1975-09-03 00:00:00,,,,,,
1975-09-04 00:00:00,,,,,,
1975-09-05 00:00:00,,,,,,
1975-09-08 00:00:00,,,,,,
1975-09-09 00:00:00,,,,,,
1975-09-10 00:00:00,,,,,,
1975-09-11 00:00:00,,,,,,
1975-09-12 00:00:00,,,,,,
1975-09-15 00:00:00,,,,,,
1975-09-16 00:00:00,,,,,,
1975-09-17 00:00:00,,,,,,
1975-09-18 00:00:00,,,,,,
1975-09-19 00:00:00,,,,,,
1975-09-22 00:00:00,,,,,,
1975-09-23 00:00:00,,,,,,
1975-09-24 00:00:00,,,,,,
1975-09-25 00:00:00,,,,,,
1975-09-26 00:00:00,,,,,,
1975-09-29 00:00:00,,,,,,
1975-09-30 00:00:00,,,,,,
1975-10-01 00:00:00,,,,,,
1975-10-02 00:00:00,,,,,,
1975-10-03 00:00:00,,,,,,
1975-10-06 00:00:00,,,,,,
1975-10-07 00:00:00,,,,,,
1975-10-08 00:00:00,,,,,,
1975-10-09 00:00:00,,,,,,
1975-10-10 00:00:00,,,,,,
1975-10-13 00:00:00,,,,,,
1975-10-14 00:00:00,,,,,,
1975-10-15 00:00:00,,,,,,
1975-10-16 00:00:00,,,,,,
1975-10-17 00:00:00,,,,,,
1975-10-20 00:00:00,,,,,,
1975-10-21 00:00:00,,,,,,
1975-10-22 00:00:00,,,,,,
1975-10-23 00:00:00,,,,,,
1975-10-24 00:00:00,,,,,,
1975-10-27 00:00:00,,,,,,
1975-10-28 00:00:00,,,,,,
1975-10-29 00:00:00,,,,,,
1975-10-30 00:00:00,,,,,,
1975-10-31 00:00:00,,,,,,
1975-11-03 00:00:00,,,,,,
1975-11-04 00:00:00,,,,,,
1975-11-05 00:00:00,,,,,,
1975-11-06 00:00:00,,,,,,
1975-11-07 00:00:00,,,,,,
1975-11-10 00:00:00,,,,,,
1975-11-11 00:00:00,,,,,,
1975-11-12 00:00:00,,,,,,
1975-11-13 00:00:00,,,,,,
1975-11-14 00:00:00,,,,,,
1975-11-17 00:00:00,,,,,,
1975-11-18 00:00:00,,,,,,
1975-11-19 00:00:00,,,,,,
1975-11-20 00:00:00,,,,,,
1975-11-21 00:00:00,,,,,,
1975-11-24 00:00:00,,,,,,
1975-11-25 00:00:00,,,,,,
1975-11-26 00:00:00,,,,,,
1975-11-28 00:00:00,,,,,,
1975-12-01 00:00:00,,,,,,
1975-12-02 00:00:00,,,,,,
1975-12-03 00:00:00,,,,,,
1975-12-04 00:00:00,,,,,,
1975-12-05 00:00:00,,,,,,
1975-12-08 00:00:00,,,,,,
1975-12-09 00:00:00,,,,,,
1975-12-10 00:00:00,,,,,,
1975-12-11 00:00:00,,,,,,
1975-12-12 00:00:00,,,,,,
1975-12-15 00:00:00,,,,,,
1975-12-16 00:00:00,,,,,,
1975-12-17 00:00:00,,,,,,
1975-12-18 00:00:00,,,,,,
1975-12-19 00:00:00,,,,,,
1975-12-22 00:00:00,,,,,,
1975-12-23 00:00:00,,,,,,
1975-12-24 00:00:00,,,,,,
1975-12-26 00:00:00,,,,,,
1975-12-29 00:00:00,,,,,,
1975-12-30 00:00:00,,,,,,
1975-12-31 00:00:00,,,,,,
1976-01-02 00:00:00,,,,,,
1976-01-05 00:00:00,,,,,,
1976-01-06 00:00:00,,,,,,
1976-01-07 00:00:00,,,,,,
1976-01-08 00:00:00,,,,,,
1976-01-09 00:00:00,,,,,,
1976-01-12 00:00:00,,,,,,
1976-01-13 00:00:00,,,,,,
1976-01-14 00:00:00,,,,,,
1976-01-15 00:00:00,,,,,,
1976-01-16 00:00:00,,,,,,
1976-01-19 00:00:00,,,,,,
1976-01-20 00:00:00,,,,,,
1976-01-21 00:00:00,,,,,,
1976-01-22 00:00:00,,,,,,
1976-01-23 00:00:00,,,,,,
1976-01-26 00:00:00,,,,,,
1976-01-27 00:00:00,,,,,,
1976-01-28 00:00:00,,,,,,
1976-01-29 00:00:00,,,,,,
1976-01-30 00:00:00,,,,,,
1976-02-02 00:00:00,,,,,,
1976-02-03 00:00:00,,,,,,
1976-02-04 00:00:00,,,,,,
1976-02-05 00:00:00,,,,,,
1976-02-06 00:00:00,,,,,,
1976-02-09 00:00:00,,,,,,
1976-02-10 00:00:00,,,,,,
1976-02-11 00:00:00,,,,,,
1976-02-12 00:00:00,,,,,,
1976-02-13 00:00:00,,,,,,
1976-02-17 00:00:00,,,,,,
1976-02-18 00:00:00,,,,,,
1976-02-19 00:00:00,,,,,,
1976-02-20 00:00:00,,,,,,
1976-02-23 00:00:00,,,,,,
1976-02-24 00:00:00,,,,,,
1976-02-25 00:00:00,,,,,,
1976-02-26 00:00:00,,,,,,
1976-02-27 00:00:00,,,,,,
1976-03-01 00:00:00,,,,,,
1976-03-02 00:00:00,,,,,,
1976-03-03 00:00:00,,,,,,
1976-03-04 00:00:00,,,,,,
1976-03-05 00:00:00,,,,,,
1976-03-08 00:00:00,,,,,,
1976-03-09 00:00:00,,,,,,
1976-03-10 00:00:00,,,,,,
1976-03-11 00:00:00,,,,,,
1976-03-12 00:00:00,,,,,,
1976-03-15 00:00:00,,,,,,
1976-03-16 00:00:00,,,,,,
1976-03-17 00:00:00,,,,,,
1976-03-18 00:00:00,,,,,,
1976-03-19 00:00:00,,,,,,
1976-03-22 00:00:00,,,,,,
1976-03-23 00:00:00,,,,,,
1976-03-24 00:00:00,,,,,,
1976-03-25 00:00:00,,,,,,
1976-03-26 00:00:00,,,,,,
1976-03-29 00:00:00,,,,,,
1976-03-30 00:00:00,,,,,,
1976-03-31 00:00:00,,,,,,
1976-04-01 00:00:00,,,,,,
1976-04-02 00:00:00,,,,,,
1976-04-05 00:00:00,,,,,,
1976-04-06 00:00:00,,,,,,
1976-04-07 00:00:00,,,,,,
1976-04-08 00:00:00,,,,,,
1976-04-09 00:00:00,,,,,,
1976-04-12 00:00:00,,,,,,
1976-04-13 00:00:00,,,,,,
1976-04-14 00:00:00,,,,,,
1976-04-15 00:00:00,,,,,,
1976-04-19 00:00:00,,,,,,
1976-04-20 00:00:00,,,,,,
1976-04-21 00:00:00,,,,,,
1976-04-22 00:00:00,,,,,,
1976-04-23 00:00:00,,,,,,
1976-04-26 00:00:00,,,,,,
1976-04-27 00:00:00,,,,,,
1976-04-28 00:00:00,,,,,,
1976-04-29 00:00:00,,,,,,
1976-04-30 00:00:00,,,,,,
1976-05-03 00:00:00,,,,,,
1976-05-04 00:00:00,,,,,,
1976-05-05 00:00:00,,,,,,
1976-05-06 00:00:00,,,,,,
1976-05-07 00:00:00,,,,,,
1976-05-10 00:00:00,,,,,,
1976-05-11 00:00:00,,,,,,
1976-05-12 00:00:00,,,,,,
1976-05-13 00:00:00,,,,,,
1976-05-14 00:00:00,,,,,,
1976-05-17 00:00:00,,,,,,
1976-05-18 00:00:00,,,,,,
1976-05-19 00:00:00,,,,,,
1976-05-20 00:00:00,,,,,,
1976-05-21 00:00:00,,,,,,
1976-05-24 00:00:00,,,,,,
1976-05-25 00:00:00,,,,,,
1976-05-26 00:00:00,,,,,,
1976-05-27 00:00:00,,,,,,
1976-05-28 00:00:00,,,,,,
1976-06-01 00:00:00,,,,,,
1976-06-02 00:00:00,,,,,,
1976-06-03 00:00:00,,,,,,
1976-06-04 00:00:00,,,,,,
1976-06-07 00:00:00,,,,,,
1976-06-08 00:00:00,,,,,,
1976-06-09 00:00:00,,,,,,
1976-06-10 00:00:00,,,,,,
1976-06-11 00:00:00,,,,,,
1976-06-14 00:00:00,,,,,,
1976-06-15 00:00:00,,,,,,
1976-06-16 00:00:00,,,,,,
1976-06-17 00:00:00,,,,,,
1976-06-18 00:00:00,,,,,,
1976-06-21 00:00:00,,,,,,
1976-06-22 00:00:00,,,,,,
1976-06-23 00:00:00,,,,,,
1976-06-24 00:00:00,,,,,,
1976-06-25 00:00:00,,,,,,
1976-06-28 00:00:00,,,,,,
1976-06-29 00:00:00,,,,,,
1976-06-30 00:00:00,,,,,,
1976-07-01 00:00:00,,,,,,
1976-07-02 00:00:00,,,,,,
1976-07-06 00:00:00,,,,,,
1976-07-07 00:00:00,,,,,,
1976-07-08 00:00:00,,,,,,
1976-07-09 00:00:00,,,,,,
1976-07-12 00:00:00,,,,,,
1976-07-13 00:00:00,,,,,,
1976-07-14 00:00:00,,,,,,
1976-07-15 00:00:00,,,,,,
1976-07-16 00:00:00,,,,,,
1976-07-19 00:00:00,,,,,,
1976-07-20 00:00:00,,,,,,
1976-07-21 00:00:00,,,,,,
1976-07-22 00:00:00,,,,,,
1976-07-23 00:00:00,,,,,,
1976-07-26 00:00:00,,,,,,
1976-07-27 00:00:00,,,,,,
1976-07-28 00:00:00,,,,,,
1976-07-29 00:00:00,,,,,,
1976-07-30 00:00:00,,,,,,
1976-08-02 00:00:00,,,,,,
1976-08-03 00:00:00,,,,,,
1976-08-04 00:00:00,,,,,,
1976-08-05 00:00:00,,,,,,
1976-08-06 00:00:00,,,,,,
1976-08-09 00:00:00,,,,,,
1976-08-10 00:00:00,,,,,,
1976-08-11 00:00:00,,,,,,
1976-08-12 00:00:00,,,,,,
1976-08-13 00:00:00,,,,,,
1976-08-16 00:00:00,,,,,,
1976-08-17 00:00:00,,,,,,
1976-08-18 00:00:00,,,,,,
1976-08-19 00:00:00,,,,,,
1976-08-20 00:00:00,,,,,,
1976-08-23 00:00:00,,,,,,
1976-08-24 00:00:00,,,,,,
1976-08-25 00:00:00,,,,,,
1976-08-26 00:00:00,,,,,,
1976-08-27 00:00:00,,,,,,
1976-08-30 00:00:00,,,,,,
1976-08-31 00:00:00,,,,,,
1976-09-01 00:00:00,,,,,,
1976-09-02 00:00:00,,,,,,
1976-09-03 00:00:00,,,,,,
1976-09-07 00:00:00,,,,,,
1976-09-08 00:00:00,,,,,,
1976-09-09 00:00:00,,,,,,
1976-09-10 00:00:00,,,,,,
1976-09-13 00:00:00,,,,,,
1976-09-14 00:00:00,,,,,,
1976-09-15 00:00:00,,,,,,
1976-09-16 00:00:00,,,,,,
1976-09-17 00:00:00,,,,,,
1976-09-20 00:00:00,,,,,,
1976-09-21 00:00:00,,,,,,
1976-09-22 00:00:00,,,,,,
1976-09-23 00:00:00,,,,,,
1976-09-24 00:00:00,,,,,,
1976-09-27 00:00:00,,,,,,
1976-09-28 00:00:00,,,,,,
1976-09-29 00:00:00,,,,,,
1976-09-30 00:00:00,,,,,,
1976-10-01 00:00:00,,,,,,
1976-10-04 00:00:00,,,,,,
1976-10-05 00:00:00,,,,,,
1976-10-06 00:00:00,,,,,,
1976-10-07 00:00:00,,,,,,
1976-10-08 00:00:00,,,,,,
1976-10-11 00:00:00,,,,,,
1976-10-12 00:00:00,,,,,,
1976-10-13 00:00:00,,,,,,
1976-10-14 00:00:00,,,,,,
1976-10-15 00:00:00,,,,,,
1976-10-18 00:00:00,,,,,,
1976-10-19 00:00:00,,,,,,
1976-10-20 00:00:00,,,,,,
1976-10-21 00:00:00,,,,,,
1976-10-22 00:00:00,,,,,,
1976-10-25 00:00:00,,,,,,
1976-10-26 00:00:00,,,,,,
1976-10-27 00:00:00,,,,,,
1976-10-28 00:00:00,,,,,,
1976-10-29 00:00:00,,,,,,
1976-11-01 00:00:00,,,,,,
1976-11-03 00:00:00,,,,,,
1976-11-04 00:00:00,,,,,,
1976-11-05 00:00:00,,,,,,
1976-11-08 00:00:00,,,,,,
1976-11-09 00:00:00,,,,,,
1976-11-10 00:00:00,,,,,,
1976-11-11 00:00:00,,,,,,
1976-11-12 00:00:00,,,,,,
1976-11-15 00:00:00,,,,,,
1976-11-16 00:00:00,,,,,,
1976-11-17 00:00:00,,,,,,
1976-11-18 00:00:00,,,,,,
1976-11-19 00:00:00,,,,,,
1976-11-22 00:00:00,,,,,,
1976-11-23 00:00:00,,,,,,
1976-11-24 00:00:00,,,,,,
1976-11-26 00:00:00,,,,,,
1976-11-29 00:00:00,,,,,,
1976-11-30 00:00:00,,,,,,
1976-12-01 00:00:00,,,,,,
1976-12-02 00:00:00,,,,,,
1976-12-03 00:00:00,,,,,,
1976-12-06 00:00:00,,,,,,
1976-12-07 00:00:00,,,,,,
1976-12-08 00:00:00,,,,,,
1976-12-09 00:00:00,,,,,,
1976-12-10 00:00:00,,,,,,
1976-12-13 00:00:00,,,,,,
1976-12-14 00:00:00,,,,,,
1976-12-15 00:00:00,,,,,,
1976-12-16 00:00:00,,,,,,
1976-12-17 00:00:00,,,,,,
1976-12-20 00:00:00,,,,,,
1976-12-21 00:00:00,,,,,,
1976-12-22 00:00:00,,,,,,
1976-12-23 00:00:00,,,,,,
1976-12-27 00:00:00,,,,,,
1976-12-28 00:00:00,,,,,,
1976-12-29 00:00:00,,,,,,
1976-12-30 00:00:00,,,,,,
1976-12-31 00:00:00,,,,,,
1977-01-03 00:00:00,,,,,,
1977-01-04 00:00:00,,,,,,
1977-01-05 00:00:00,,,,,,
1977-01-06 00:00:00,,,,,,
1977-01-07 00:00:00,,,,,,
1977-01-10 00:00:00,,,,,,
1977-01-11 00:00:00,,,,,,
1977-01-12 00:00:00,,,,,,
1977-01-13 00:00:00,,,,,,
1977-01-14 00:00:00,,,,,,
1977-01-17 00:00:00,,,,,,
1977-01-18 00:00:00,,,,,,
1977-01-19 00:00:00,,,,,,
1977-01-20 00:00:00,,,,,,
1977-01-21 00:00:00,,,,,,
1977-01-24 00:00:00,,,,,,
1977-01-25 00:00:00,,,,,,
1977-01-26 00:00:00,,,,,,
1977-01-27 00:00:00,,,,,,
1977-01-28 00:00:00,,,,,,
1977-01-31 00:00:00,,,,,,
1977-02-01 00:00:00,,,,,,
1977-02-02 00:00:00,,,,,,
1977-02-03 00:00:00,,,,,,
1977-02-04 00:00:00,,,,,,
1977-02-07 00:00:00,,,,,,
1977-02-08 00:00:00,,,,,,
1977-02-09 00:00:00,,,,,,
1977-02-10 00:00:00,,,,,,
1977-02-11 00:00:00,,,,,,
1977-02-14 00:00:00,,,,,,
1977-02-15 00:00:00,,,,,,
1977-02-16 00:00:00,,,,,,
1977-02-17 00:00:00,,,,,,
1977-02-18 00:00:00,,,,,,
1977-02-22 00:00:00,,,,,,
1977-02-23 00:00:00,,,,,,
1977-02-24 00:00:00,,,,,,
1977-02-25 00:00:00,,,,,,
1977-02-28 00:00:00,,,,,,
1977-03-01 00:00:00,,,,,,
1977-03-02 00:00:00,,,,,,
1977-03-03 00:00:00,,,,,,
1977-03-04 00:00:00,,,,,,
1977-03-07 00:00:00,,,,,,
1977-03-08 00:00:00,,,,,,
1977-03-09 00:00:00,,,,,,
1977-03-10 00:00:00,,,,,,
1977-03-11 00:00:00,,,,,,
1977-03-14 00:00:00,,,,,,
1977-03-15 00:00:00,,,,,,
1977-03-16 00:00:00,,,,,,
1977-03-17 00:00:00,,,,,,
1977-03-18 00:00:00,,,,,,
1977-03-21 00:00:00,,,,,,
1977-03-22 00:00:00,,,,,,
1977-03-23 00:00:00,,,,,,
1977-03-24 00:00:00,,,,,,
1977-03-25 00:00:00,,,,,,
1977-03-28 00:00:00,,,,,,
1977-03-29 00:00:00,,,,,,
1977-03-30 00:00:00,,,,,,
1977-03-31 00:00:00,,,,,,
1977-04-01 00:00:00,,,,,,
1977-04-04 00:00:00,,,,,,
1977-04-05 00:00:00,,,,,,
1977-04-06 00:00:00,,,,,,
1977-04-07 00:00:00,,,,,,
1977-04-11 00:00:00,,,,,,
1977-04-12 00:00:00,,,,,,
1977-04-13 00:00:00,,,,,,
1977-04-14 00:00:00,,,,,,
1977-04-15 00:00:00,,,,,,
1977-04-18 00:00:00,,,,,,
1977-04-19 00:00:00,,,,,,
1977-04-20 00:00:00,,,,,,
1977-04-21 00:00:00,,,,,,
1977-04-22 00:00:00,,,,,,
1977-04-25 00:00:00,,,,,,
1977-04-26 00:00:00,,,,,,
1977-04-27 00:00:00,,,,,,
1977-04-28 00:00:00,,,,,,
1977-04-29 00:00:00,,,,,,
1977-05-02 00:00:00,,,,,,
1977-05-03 00:00:00,,,,,,
1977-05-04 00:00:00,,,,,,
1977-05-05 00:00:00,,,,,,
1977-05-06 00:00:00,,,,,,
1977-05-09 00:00:00,,,,,,
1977-05-10 00:00:00,,,,,,
1977-05-11 00:00:00,,,,,,
1977-05-12 00:00:00,,,,,,
1977-05-13 00:00:00,,,,,,
1977-05-16 00:00:00,,,,,,
1977-05-17 00:00:00,,,,,,
1977-05-18 00:00:00,,,,,,
1977-05-19 00:00:00,,,,,,
1977-05-20 00:00:00,,,,,,
1977-05-23 00:00:00,,,,,,
1977-05-24 00:00:00,,,,,,
1977-05-25 00:00:00,,,,,,
1977-05-26 00:00:00,,,,,,
1977-05-27 00:00:00,,,,,,
1977-05-31 00:00:00,,,,,,
1977-06-01 00:00:00,,,,,,
1977-06-02 00:00:00,,,,,,
1977-06-03 00:00:00,,,,,,
1977-06-06 00:00:00,,,,,,
1977-06-07 00:00:00,,,,,,
1977-06-08 00:00:00,,,,,,
1977-06-09 00:00:00,,,,,,
1977-06-10 00:00:00,,,,,,
1977-06-13 00:00:00,,,,,,
1977-06-14 00:00:00,,,,,,
1977-06-15 00:00:00,,,,,,
1977-06-16 00:00:00,,,,,,
1977-06-17 00:00:00,,,,,,
1977-06-20 00:00:00,,,,,,
1977-06-21 00:00:00,,,,,,
1977-06-22 00:00:00,,,,,,
1977-06-23 00:00:00,,,,,,
1977-06-24 00:00:00,,,,,,
1977-06-27 00:00:00,,,,,,
1977-06-28 00:00:00,,,,,,
1977-06-29 00:00:00,,,,,,
1977-06-30 00:00:00,,,,,,
1977-07-01 00:00:00,,,,,,
1977-07-05 00:00:00,,,,,,
1977-07-06 00:00:00,,,,,,
1977-07-07 00:00:00,,,,,,
1977-07-08 00:00:00,,,,,,
1977-07-11 00:00:00,,,,,,
1977-07-12 00:00:00,,,,,,
1977-07-13 00:00:00,,,,,,
1977-07-15 00:00:00,,,,,,
1977-07-18 00:00:00,,,,,,
1977-07-19 00:00:00,,,,,,
1977-07-20 00:00:00,,,,,,
1977-07-21 00:00:00,,,,,,
1977-07-22 00:00:00,,,,,,
1977-07-25 00:00:00,,,,,,
1977-07-26 00:00:00,,,,,,
1977-07-27 00:00:00,,,,,,
1977-07-28 00:00:00,,,,,,
1977-07-29 00:00:00,,,,,,
1977-08-01 00:00:00,,,,,,
1977-08-02 00:00:00,,,,,,
1977-08-03 00:00:00,,,,,,
1977-08-04 00:00:00,,,,,,
1977-08-05 00:00:00,,,,,,
1977-08-08 00:00:00,,,,,,
1977-08-09 00:00:00,,,,,,
1977-08-10 00:00:00,,,,,,
1977-08-11 00:00:00,,,,,,
1977-08-12 00:00:00,,,,,,
1977-08-15 00:00:00,,,,,,
1977-08-16 00:00:00,,,,,,
1977-08-17 00:00:00,,,,,,
1977-08-18 00:00:00,,,,,,
1977-08-19 00:00:00,,,,,,
1977-08-22 00:00:00,,,,,,
1977-08-23 00:00:00,,,,,,
1977-08-24 00:00:00,,,,,,
1977-08-25 00:00:00,,,,,,
1977-08-26 00:00:00,,,,,,
1977-08-29 00:00:00,,,,,,
1977-08-30 00:00:00,,,,,,
1977-08-31 00:00:00,,,,,,
1977-09-01 00:00:00,,,,,,
1977-09-02 00:00:00,,,,,,
1977-09-06 00:00:00,,,,,,
1977-09-07 00:00:00,,,,,,
1977-09-08 00:00:00,,,,,,
1977-09-09 00:00:00,,,,,,
1977-09-12 00:00:00,,,,,,
1977-09-13 00:00:00,,,,,,
1977-09-14 00:00:00,,,,,,
1977-09-15 00:00:00,,,,,,
1977-09-16 00:00:00,,,,,,
1977-09-19 00:00:00,,,,,,
1977-09-20 00:00:00,,,,,,
1977-09-21 00:00:00,,,,,,
1977-09-22 00:00:00,,,,,,
1977-09-23 00:00:00,,,,,,
1977-09-26 00:00:00,,,,,,
1977-09-27 00:00:00,,,,,,
1977-09-28 00:00:00,,,,,,
1977-09-29 00:00:00,,,,,,
1977-09-30 00:00:00,,,,,,
1977-10-03 00:00:00,,,,,,
1977-10-04 00:00:00,,,,,,
1977-10-05 00:00:00,,,,,,
1977-10-06 00:00:00,,,,,,
1977-10-07 00:00:00,,,,,,
1977-10-10 00:00:00,,,,,,
1977-10-11 00:00:00,,,,,,
1977-10-12 00:00:00,,,,,,
1977-10-13 00:00:00,,,,,,
1977-10-14 00:00:00,,,,,,
1977-10-17 00:00:00,,,,,,
1977-10-18 00:00:00,,,,,,
1977-10-19 00:00:00,,,,,,
1977-10-20 00:00:00,,,,,,
1977-10-21 00:00:00,,,,,,
1977-10-24 00:00:00,,,,,,
1977-10-25 00:00:00,,,,,,
1977-10-26 00:00:00,,,,,,
1977-10-27 00:00:00,,,,,,
1977-10-28 00:00:00,,,,,,
1977-10-31 00:00:00,,,,,,
1977-11-01 00:00:00,,,,,,
1977-11-02 00:00:00,,,,,,
1977-11-03 00:00:00,,,,,,
1977-11-04 00:00:00,,,,,,
1977-11-07 00:00:00,,,,,,
1977-11-08 00:00:00,,,,,,
1977-11-09 00:00:00,,,,,,
1977-11-10 00:00:00,,,,,,
1977-11-11 00:00:00,,,,,,
1977-11-14 00:00:00,,,,,,
1977-11-15 00:00:00,,,,,,
1977-11-16 00:00:00,,,,,,
1977-11-17 00:00:00,,,,,,
1977-11-18 00:00:00,,,,,,
1977-11-21 00:00:00,,,,,,
1977-11-22 00:00:00,,,,,,
1977-11-23 00:00:00,,,,,,
1977-11-25 00:00:00,,,,,,
1977-11-28 00:00:00,,,,,,
1977-11-29 00:00:00,,,,,,
1977-11-30 00:00:00,,,,,,
1977-12-01 00:00:00,,,,,,
1977-12-02 00:00:00,,,,,,
1977-12-05 00:00:00,,,,,,
1977-12-06 00:00:00,,,,,,
1977-12-07 00:00:00,,,,,,
1977-12-08 00:00:00,,,,,,
1977-12-09 00:00:00,,,,,,
1977-12-12 00:00:00,,,,,,
1977-12-13 00:00:00,,,,,,
1977-12-14 00:00:00,,,,,,
1977-12-15 00:00:00,,,,,,
1977-12-16 00:00:00,,,,,,
1977-12-19 00:00:00,,,,,,
1977-12-20 00:00:00,,,,,,
1977-12-21 00:00:00,,,,,,
1977-12-22 00:00:00,,,,,,
1977-12-23 00:00:00,,,,,,
1977-12-27 00:00:00,,,,,,
1977-12-28 00:00:00,,,,,,
1977-12-29 00:00:00,,,,,,
1977-12-30 00:00:00,,,,,,
1978-01-03 00:00:00,,,,,,
1978-01-04 00:00:00,,,,,,
1978-01-05 00:00:00,,,,,,
1978-01-06 00:00:00,,,,,,
1978-01-09 00:00:00,,,,,,
1978-01-10 00:00:00,,,,,,
1978-01-11 00:00:00,,,,,,
1978-01-12 00:00:00,,,,,,
1978-01-13 00:00:00,,,,,,
1978-01-16 00:00:00,,,,,,
1978-01-17 00:00:00,,,,,,
1978-01-18 00:00:00,,,,,,
1978-01-19 00:00:00,,,,,,
1978-01-20 00:00:00,,,,,,
1978-01-23 00:00:00,,,,,,
1978-01-24 00:00:00,,,,,,
1978-01-25 00:00:00,,,,,,
1978-01-26 00:00:00,,,,,,
1978-01-27 00:00:00,,,,,,
1978-01-30 00:00:00,,,,,,
1978-01-31 00:00:00,,,,,,
1978-02-01 00:00:00,,,,,,
1978-02-02 00:00:00,,,,,,
1978-02-03 00:00:00,,,,,,
1978-02-06 00:00:00,,,,,,
1978-02-07 00:00:00,,,,,,
1978-02-08 00:00:00,,,,,,
1978-02-09 00:00:00,,,,,,
1978-02-10 00:00:00,,,,,,
1978-02-13 00:00:00,,,,,,
1978-02-14 00:00:00,,,,,,
1978-02-15 00:00:00,,,,,,
1978-02-16 00:00:00,,,,,,
1978-02-17 00:00:00,,,,,,
1978-02-21 00:00:00,,,,,,
1978-02-22 00:00:00,,,,,,
1978-02-23 00:00:00,,,,,,
1978-02-24 00:00:00,,,,,,
1978-02-27 00:00:00,,,,,,
1978-02-28 00:00:00,,,,,,
1978-03-01 00:00:00,,,,,,
1978-03-02 00:00:00,,,,,,
1978-03-03 00:00:00,,,,,,
1978-03-06 00:00:00,,,,,,
1978-03-07 00:00:00,,,,,,
1978-03-08 00:00:00,,,,,,
1978-03-09 00:00:00,,,,,,
1978-03-10 00:00:00,,,,,,
1978-03-13 00:00:00,,,,,,
1978-03-14 00:00:00,,,,,,
1978-03-15 00:00:00,,,,,,
1978-03-16 00:00:00,,,,,,
1978-03-17 00:00:00,,,,,,
1978-03-20 00:00:00,,,,,,
1978-03-21 00:00:00,,,,,,
1978-03-22 00:00:00,,,,,,
1978-03-23 00:00:00,,,,,,
1978-03-27 00:00:00,,,,,,
1978-03-28 00:00:00,,,,,,
1978-03-29 00:00:00,,,,,,
1978-03-30 00:00:00,,,,,,
1978-03-31 00:00:00,,,,,,
1978-04-03 00:00:00,,,,,,
1978-04-04 00:00:00,,,,,,
1978-04-05 00:00:00,,,,,,
1978-04-06 00:00:00,,,,,,
1978-04-07 00:00:00,,,,,,
1978-04-10 00:00:00,,,,,,
1978-04-11 00:00:00,,,,,,
1978-04-12 00:00:00,,,,,,
1978-04-13 00:00:00,,,,,,
1978-04-14 00:00:00,,,,,,
1978-04-17 00:00:00,,,,,,
1978-04-18 00:00:00,,,,,,
1978-04-19 00:00:00,,,,,,
1978-04-20 00:00:00,,,,,,
1978-04-21 00:00:00,,,,,,
1978-04-24 00:00:00,,,,,,
1978-04-25 00:00:00,,,,,,
1978-04-26 00:00:00,,,,,,
1978-04-27 00:00:00,,,,,,
1978-04-28 00:00:00,,,,,,
1978-05-01 00:00:00,,,,,,
1978-05-02 00:00:00,,,,,,
1978-05-03 00:00:00,,,,,,
1978-05-04 00:00:00,,,,,,
1978-05-05 00:00:00,,,,,,
1978-05-08 00:00:00,,,,,,
1978-05-09 00:00:00,,,,,,
1978-05-10 00:00:00,,,,,,
1978-05-11 00:00:00,,,,,,
1978-05-12 00:00:00,,,,,,
1978-05-15 00:00:00,,,,,,
1978-05-16 00:00:00,,,,,,
1978-05-17 00:00:00,,,,,,
1978-05-18 00:00:00,,,,,,
1978-05-19 00:00:00,,,,,,
1978-05-22 00:00:00,,,,,,
1978-05-23 00:00:00,,,,,,
1978-05-24 00:00:00,,,,,,
1978-05-25 00:00:00,,,,,,
1978-05-26 00:00:00,,,,,,
1978-05-30 00:00:00,,,,,,
1978-05-31 00:00:00,,,,,,
1978-06-01 00:00:00,,,,,,
1978-06-02 00:00:00,,,,,,
1978-06-05 00:00:00,,,,,,
1978-06-06 00:00:00,,,,,,
1978-06-07 00:00:00,,,,,,
1978-06-08 00:00:00,,,,,,
1978-06-09 00:00:00,,,,,,
1978-06-12 00:00:00,,,,,,
1978-06-13 00:00:00,,,,,,
1978-06-14 00:00:00,,,,,,
1978-06-15 00:00:00,,,,,,
1978-06-16 00:00:00,,,,,,
1978-06-19 00:00:00,,,,,,
1978-06-20 00:00:00,,,,,,
1978-06-21 00:00:00,,,,,,
1978-06-22 00:00:00,,,,,,
1978-06-23 00:00:00,,,,,,
1978-06-26 00:00:00,,,,,,
1978-06-27 00:00:00,,,,,,
1978-06-28 00:00:00,,,,,,
1978-06-29 00:00:00,,,,,,
1978-06-30 00:00:00,,,,,,
1978-07-03 00:00:00,,,,,,
1978-07-05 00:00:00,,,,,,
1978-07-06 00:00:00,,,,,,
1978-07-07 00:00:00,,,,,,
1978-07-10 00:00:00,,,,,,
1978-07-11 00:00:00,,,,,,
1978-07-12 00:00:00,,,,,,
1978-07-13 00:00:00,,,,,,
1978-07-14 00:00:00,,,,,,
1978-07-17 00:00:00,,,,,,
1978-07-18 00:00:00,,,,,,
1978-07-19 00:00:00,,,,,,
1978-07-20 00:00:00,,,,,,
1978-07-21 00:00:00,,,,,,
1978-07-24 00:00:00,,,,,,
1978-07-25 00:00:00,,,,,,
1978-07-26 00:00:00,,,,,,
1978-07-27 00:00:00,,,,,,
1978-07-28 00:00:00,,,,,,
1978-07-31 00:00:00,,,,,,
1978-08-01 00:00:00,,,,,,
1978-08-02 00:00:00,,,,,,
1978-08-03 00:00:00,,,,,,
1978-08-04 00:00:00,,,,,,
1978-08-07 00:00:00,,,,,,
1978-08-08 00:00:00,,,,,,
1978-08-09 00:00:00,,,,,,
1978-08-10 00:00:00,,,,,,
1978-08-11 00:00:00,,,,,,
1978-08-14 00:00:00,,,,,,
1978-08-15 00:00:00,,,,,,
1978-08-16 00:00:00,,,,,,
1978-08-17 00:00:00,,,,,,
1978-08-18 00:00:00,,,,,,
1978-08-21 00:00:00,,,,,,
1978-08-22 00:00:00,,,,,,
1978-08-23 00:00:00,,,,,,
1978-08-24 00:00:00,,,,,,
1978-08-25 00:00:00,,,,,,
1978-08-28 00:00:00,,,,,,
1978-08-29 00:00:00,,,,,,
1978-08-30 00:00:00,,,,,,
1978-08-31 00:00:00,,,,,,
1978-09-01 00:00:00,,,,,,
1978-09-05 00:00:00,,,,,,
1978-09-06 00:00:00,,,,,,
1978-09-07 00:00:00,,,,,,
1978-09-08 00:00:00,,,,,,
1978-09-11 00:00:00,,,,,,
1978-09-12 00:00:00,,,,,,
1978-09-13 00:00:00,,,,,,
1978-09-14 00:00:00,,,,,,
1978-09-15 00:00:00,,,,,,
1978-09-18 00:00:00,,,,,,
1978-09-19 00:00:00,,,,,,
1978-09-20 00:00:00,,,,,,
1978-09-21 00:00:00,,,,,,
1978-09-22 00:00:00,,,,,,
1978-09-25 00:00:00,,,,,,
1978-09-26 00:00:00,,,,,,
1978-09-27 00:00:00,,,,,,
1978-09-28 00:00:00,,,,,,
1978-09-29 00:00:00,,,,,,
1978-10-02 00:00:00,,,,,,
1978-10-03 00:00:00,,,,,,
1978-10-04 00:00:00,,,,,,
1978-10-05 00:00:00,,,,,,
1978-10-06 00:00:00,,,,,,
1978-10-09 00:00:00,,,,,,
1978-10-10 00:00:00,,,,,,
1978-10-11 00:00:00,,,,,,
1978-10-12 00:00:00,,,,,,
1978-10-13 00:00:00,,,,,,
1978-10-16 00:00:00,,,,,,
1978-10-17 00:00:00,,,,,,
1978-10-18 00:00:00,,,,,,
1978-10-19 00:00:00,,,,,,
1978-10-20 00:00:00,,,,,,
1978-10-23 00:00:00,,,,,,
1978-10-24 00:00:00,,,,,,
1978-10-25 00:00:00,,,,,,
1978-10-26 00:00:00,,,,,,
1978-10-27 00:00:00,,,,,,
1978-10-30 00:00:00,,,,,,
1978-10-31 00:00:00,,,,,,
1978-11-01 00:00:00,,,,,,
1978-11-02 00:00:00,,,,,,
1978-11-03 00:00:00,,,,,,
1978-11-06 00:00:00,,,,,,
1978-11-07 00:00:00,,,,,,
1978-11-08 00:00:00,,,,,,
1978-11-09 00:00:00,,,,,,
1978-11-10 00:00:00,,,,,,
1978-11-13 00:00:00,,,,,,
1978-11-14 00:00:00,,,,,,
1978-11-15 00:00:00,,,,,,
1978-11-16 00:00:00,,,,,,
1978-11-17 00:00:00,,,,,,
1978-11-20 00:00:00,,,,,,
1978-11-21 00:00:00,,,,,,
1978-11-22 00:00:00,,,,,,
1978-11-24 00:00:00,,,,,,
1978-11-27 00:00:00,,,,,,
1978-11-28 00:00:00,,,,,,
1978-11-29 00:00:00,,,,,,
1978-11-30 00:00:00,,,,,,
1978-12-01 00:00:00,,,,,,
1978-12-04 00:00:00,,,,,,
1978-12-05 00:00:00,,,,,,
1978-12-06 00:00:00,,,,,,
1978-12-07 00:00:00,,,,,,
1978-12-08 00:00:00,,,,,,
1978-12-11 00:00:00,,,,,,
1978-12-12 00:00:00,,,,,,
1978-12-13 00:00:00,,,,,,
1978-12-14 00:00:00,,,,,,
1978-12-15 00:00:00,,,,,,
1978-12-18 00:00:00,,,,,,
1978-12-19 00:00:00,,,,,,
1978-12-20 00:00:00,,,,,,
1978-12-21 00:00:00,,,,,,
1978-12-22 00:00:00,,,,,,
1978-12-26 00:00:00,,,,,,
1978-12-27 00:00:00,,,,,,
1978-12-28 00:00:00,,,,,,
1978-12-29 00:00:00,,,,,,
1979-01-02 00:00:00,,,,,,
1979-01-03 00:00:00,,,,,,
1979-01-04 00:00:00,,,,,,
1979-01-05 00:00:00,,,,,,
1979-01-08 00:00:00,,,,,,
1979-01-09 00:00:00,,,,,,
1979-01-10 00:00:00,,,,,,
1979-01-11 00:00:00,,,,,,
1979-01-12 00:00:00,,,,,,
1979-01-15 00:00:00,,,,,,
1979-01-16 00:00:00,,,,,,
1979-01-17 00:00:00,,,,,,
1979-01-18 00:00:00,,,,,,
1979-01-19 00:00:00,,,,,,
1979-01-22 00:00:00,,,,,,
1979-01-23 00:00:00,,,,,,
1979-01-24 00:00:00,,,,,,
1979-01-25 00:00:00,,,,,,
1979-01-26 00:00:00,,,,,,
1979-01-29 00:00:00,,,,,,
1979-01-30 00:00:00,,,,,,
1979-01-31 00:00:00,,,,,,
1979-02-01 00:00:00,,,,,,
1979-02-02 00:00:00,,,,,,
1979-02-05 00:00:00,,,,,,
1979-02-06 00:00:00,,,,,,
1979-02-07 00:00:00,,,,,,
1979-02-08 00:00:00,,,,,,
1979-02-09 00:00:00,,,,,,
1979-02-12 00:00:00,,,,,,
1979-02-13 00:00:00,,,,,,
1979-02-14 00:00:00,,,,,,
1979-02-15 00:00:00,,,,,,
1979-02-16 00:00:00,,,,,,
1979-02-20 00:00:00,,,,,,
1979-02-21 00:00:00,,,,,,
1979-02-22 00:00:00,,,,,,
1979-02-23 00:00:00,,,,,,
1979-02-26 00:00:00,,,,,,
1979-02-27 00:00:00,,,,,,
1979-02-28 00:00:00,,,,,,
1979-03-01 00:00:00,,,,,,
1979-03-02 00:00:00,,,,,,
1979-03-05 00:00:00,,,,,,
1979-03-06 00:00:00,,,,,,
1979-03-07 00:00:00,,,,,,
1979-03-08 00:00:00,,,,,,
1979-03-09 00:00:00,,,,,,
1979-03-12 00:00:00,,,,,,
1979-03-13 00:00:00,,,,,,
1979-03-14 00:00:00,,,,,,
1979-03-15 00:00:00,,,,,,
1979-03-16 00:00:00,,,,,,
1979-03-19 00:00:00,,,,,,
1979-03-20 00:00:00,,,,,,
1979-03-21 00:00:00,,,,,,
1979-03-22 00:00:00,,,,,,
1979-03-23 00:00:00,,,,,,
1979-03-26 00:00:00,,,,,,
1979-03-27 00:00:00,,,,,,
1979-03-28 00:00:00,,,,,,
1979-03-29 00:00:00,,,,,,
1979-03-30 00:00:00,,,,,,
1979-04-02 00:00:00,,,,,,
1979-04-03 00:00:00,,,,,,
1979-04-04 00:00:00,,,,,,
1979-04-05 00:00:00,,,,,,
1979-04-06 00:00:00,,,,,,
1979-04-09 00:00:00,,,,,,
1979-04-10 00:00:00,,,,,,
1979-04-11 00:00:00,,,,,,
1979-04-12 00:00:00,,,,,,
1979-04-16 00:00:00,,,,,,
1979-04-17 00:00:00,,,,,,
1979-04-18 00:00:00,,,,,,
1979-04-19 00:00:00,,,,,,
1979-04-20 00:00:00,,,,,,
1979-04-23 00:00:00,,,,,,
1979-04-24 00:00:00,,,,,,
1979-04-25 00:00:00,,,,,,
1979-04-26 00:00:00,,,,,,
1979-04-27 00:00:00,,,,,,
1979-04-30 00:00:00,,,,,,
1979-05-01 00:00:00,,,,,,
1979-05-02 00:00:00,,,,,,
1979-05-03 00:00:00,,,,,,
1979-05-04 00:00:00,,,,,,
1979-05-07 00:00:00,,,,,,
1979-05-08 00:00:00,,,,,,
1979-05-09 00:00:00,,,,,,
1979-05-10 00:00:00,,,,,,
1979-05-11 00:00:00,,,,,,
1979-05-14 00:00:00,,,,,,
1979-05-15 00:00:00,,,,,,
1979-05-16 00:00:00,,,,,,
1979-05-17 00:00:00,,,,,,
1979-05-18 00:00:00,,,,,,
1979-05-21 00:00:00,,,,,,
1979-05-22 00:00:00,,,,,,
1979-05-23 00:00:00,,,,,,
1979-05-24 00:00:00,,,,,,
1979-05-25 00:00:00,,,,,,
1979-05-29 00:00:00,,,,,,
1979-05-30 00:00:00,,,,,,
1979-05-31 00:00:00,,,,,,
1979-06-01 00:00:00,,,,,,
1979-06-04 00:00:00,,,,,,
1979-06-05 00:00:00,,,,,,
1979-06-06 00:00:00,,,,,,
1979-06-07 00:00:00,,,,,,
1979-06-08 00:00:00,,,,,,
1979-06-11 00:00:00,,,,,,
1979-06-12 00:00:00,,,,,,
1979-06-13 00:00:00,,,,,,
1979-06-14 00:00:00,,,,,,
1979-06-15 00:00:00,,,,,,
1979-06-18 00:00:00,,,,,,
1979-06-19 00:00:00,,,,,,
1979-06-20 00:00:00,,,,,,
1979-06-21 00:00:00,,,,,,
1979-06-22 00:00:00,,,,,,
1979-06-25 00:00:00,,,,,,
1979-06-26 00:00:00,,,,,,
1979-06-27 00:00:00,,,,,,
1979-06-28 00:00:00,,,,,,
1979-06-29 00:00:00,,,,,,
1979-07-02 00:00:00,,,,,,
1979-07-03 00:00:00,,,,,,
1979-07-05 00:00:00,,,,,,
1979-07-06 00:00:00,,,,,,
1979-07-09 00:00:00,,,,,,
1979-07-10 00:00:00,,,,,,
1979-07-11 00:00:00,,,,,,
1979-07-12 00:00:00,,,,,,
1979-07-13 00:00:00,,,,,,
1979-07-16 00:00:00,,,,,,
1979-07-17 00:00:00,,,,,,
1979-07-18 00:00:00,,,,,,
1979-07-19 00:00:00,,,,,,
1979-07-20 00:00:00,,,,,,
1979-07-23 00:00:00,,,,,,
1979-07-24 00:00:00,,,,,,
1979-07-25 00:00:00,,,,,,
1979-07-26 00:00:00,,,,,,
1979-07-27 00:00:00,,,,,,
1979-07-30 00:00:00,,,,,,
1979-07-31 00:00:00,,,,,,
1979-08-01 00:00:00,,,,,,
1979-08-02 00:00:00,,,,,,
1979-08-03 00:00:00,,,,,,
1979-08-06 00:00:00,,,,,,
1979-08-07 00:00:00,,,,,,
1979-08-08 00:00:00,,,,,,
1979-08-09 00:00:00,,,,,,
1979-08-10 00:00:00,,,,,,
1979-08-13 00:00:00,,,,,,
1979-08-14 00:00:00,,,,,,
1979-08-15 00:00:00,,,,,,
1979-08-16 00:00:00,,,,,,
1979-08-17 00:00:00,,,,,,
1979-08-20 00:00:00,,,,,,
1979-08-21 00:00:00,,,,,,
1979-08-22 00:00:00,,,,,,
1979-08-23 00:00:00,,,,,,
1979-08-24 00:00:00,,,,,,
1979-08-27 00:00:00,,,,,,
1979-08-28 00:00:00,,,,,,
1979-08-29 00:00:00,,,,,,
1979-08-30 00:00:00,,,,,,
1979-08-31 00:00:00,,,,,,
1979-09-04 00:00:00,,,,,,
1979-09-05 00:00:00,,,,,,
1979-09-06 00:00:00,,,,,,
1979-09-07 00:00:00,,,,,,
1979-09-10 00:00:00,,,,,,
1979-09-11 00:00:00,,,,,,
1979-09-12 00:00:00,,,,,,
1979-09-13 00:00:00,,,,,,
1979-09-14 00:00:00,,,,,,
1979-09-17 00:00:00,,,,,,
1979-09-18 00:00:00,,,,,,
1979-09-19 00:00:00,,,,,,
1979-09-20 00:00:00,,,,,,
1979-09-21 00:00:00,,,,,,
1979-09-24 00:00:00,,,,,,
1979-09-25 00:00:00,,,,,,
1979-09-26 00:00:00,,,,,,
1979-09-27 00:00:00,,,,,,
1979-09-28 00:00:00,,,,,,
1979-10-01 00:00:00,,,,,,
1979-10-02 00:00:00,,,,,,
1979-10-03 00:00:00,,,,,,
1979-10-04 00:00:00,,,,,,
1979-10-05 00:00:00,,,,,,
1979-10-08 00:00:00,,,,,,
1979-10-09 00:00:00,,,,,,
1979-10-10 00:00:00,,,,,,
1979-10-11 00:00:00,,,,,,
1979-10-12 00:00:00,,,,,,
1979-10-15 00:00:00,,,,,,
1979-10-16 00:00:00,,,,,,
1979-10-17 00:00:00,,,,,,
1979-10-18 00:00:00,,,,,,
1979-10-19 00:00:00,,,,,,
1979-10-22 00:00:00,,,,,,
1979-10-23 00:00:00,,,,,,
1979-10-24 00:00:00,,,,,,
1979-10-25 00:00:00,,,,,,
1979-10-26 00:00:00,,,,,,
1979-10-29 00:00:00,,,,,,
1979-10-30 00:00:00,,,,,,
1979-10-31 00:00:00,,,,,,
1979-11-01 00:00:00,,,,,,
1979-11-02 00:00:00,,,,,,
1979-11-05 00:00:00,,,,,,
1979-11-06 00:00:00,,,,,,
1979-11-07 00:00:00,,,,,,
1979-11-08 00:00:00,,,,,,
1979-11-09 00:00:00,,,,,,
1979-11-12 00:00:00,,,,,,
1979-11-13 00:00:00,,,,,,
1979-11-14 00:00:00,,,,,,
1979-11-15 00:00:00,,,,,,
1979-11-16 00:00:00,,,,,,
1979-11-19 00:00:00,,,,,,
1979-11-20 00:00:00,,,,,,
1979-11-21 00:00:00,,,,,,
1979-11-23 00:00:00,,,,,,
1979-11-26 00:00:00,,,,,,
1979-11-27 00:00:00,,,,,,
1979-11-28 00:00:00,,,,,,
1979-11-29 00:00:00,,,,,,
1979-11-30 00:00:00,,,,,,
1979-12-03 00:00:00,,,,,,
1979-12-04 00:00:00,,,,,,
1979-12-05 00:00:00,,,,,,
1979-12-06 00:00:00,,,,,,
1979-12-07 00:00:00,,,,,,
1979-12-10 00:00:00,,,,,,
1979-12-11 00:00:00,,,,,,
1979-12-12 00:00:00,,,,,,
1979-12-13 00:00:00,,,,,,
1979-12-14 00:00:00,,,,,,
1979-12-17 00:00:00,,,,,,
1979-12-18 00:00:00,,,,,,
1979-12-19 00:00:00,,,,,,
1979-12-20 00:00:00,,,,,,
1979-12-21 00:00:00,,,,,,
1979-12-24 00:00:00,,,,,,
1979-12-26 00:00:00,,,,,,
1979-12-27 00:00:00,,,,,,
1979-12-28 00:00:00,,,,,,
1979-12-31 00:00:00,,,,,,
1980-01-02 00:00:00,,,,,,
1980-01-03 00:00:00,,,,,,
1980-01-04 00:00:00,,,,,,
1980-01-07 00:00:00,,,,,,
1980-01-08 00:00:00,,,,,,
1980-01-09 00:00:00,,,,,,
1980-01-10 00:00:00,,,,,,
1980-01-11 00:00:00,,,,,,
1980-01-14 00:00:00,,,,,,
1980-01-15 00:00:00,,,,,,
1980-01-16 00:00:00,,,,,,
1980-01-17 00:00:00,,,,,,
1980-01-18 00:00:00,,,,,,
1980-01-21 00:00:00,,,,,,
1980-01-22 00:00:00,,,,,,
1980-01-23 00:00:00,,,,,,
1980-01-24 00:00:00,,,,,,
1980-01-25 00:00:00,,,,,,
1980-01-28 00:00:00,,,,,,
1980-01-29 00:00:00,,,,,,
1980-01-30 00:00:00,,,,,,
1980-01-31 00:00:00,,,,,,
1980-02-01 00:00:00,,,,,,
1980-02-04 00:00:00,,,,,,
1980-02-05 00:00:00,,,,,,
1980-02-06 00:00:00,,,,,,
1980-02-07 00:00:00,,,,,,
1980-02-08 00:00:00,,,,,,
1980-02-11 00:00:00,,,,,,
1980-02-12 00:00:00,,,,,,
1980-02-13 00:00:00,,,,,,
1980-02-14 00:00:00,,,,,,
1980-02-15 00:00:00,,,,,,
1980-02-19 00:00:00,,,,,,
1980-02-20 00:00:00,,,,,,
1980-02-21 00:00:00,,,,,,
1980-02-22 00:00:00,,,,,,
1980-02-25 00:00:00,,,,,,
1980-02-26 00:00:00,,,,,,
1980-02-27 00:00:00,,,,,,
1980-02-28 00:00:00,,,,,,
1980-02-29 00:00:00,,,,,,
1980-03-03 00:00:00,,,,,,
1980-03-04 00:00:00,,,,,,
1980-03-05 00:00:00,,,,,,
1980-03-06 00:00:00,,,,,,
1980-03-07 00:00:00,,,,,,
1980-03-10 00:00:00,,,,,,
1980-03-11 00:00:00,,,,,,
1980-03-12 00:00:00,,,,,,
1980-03-13 00:00:00,,,,,,
1980-03-14 00:00:00,,,,,,
1980-03-17 00:00:00,,,,,,
1980-03-18 00:00:00,,,,,,
1980-03-19 00:00:00,,,,,,
1980-03-20 00:00:00,,,,,,
1980-03-21 00:00:00,,,,,,
1980-03-24 00:00:00,,,,,,
1980-03-25 00:00:00,,,,,,
1980-03-26 00:00:00,,,,,,
1980-03-27 00:00:00,,,,,,
1980-03-28 00:00:00,,,,,,
1980-03-31 00:00:00,,,,,,
1980-04-01 00:00:00,,,,,,
1980-04-02 00:00:00,,,,,,
1980-04-03 00:00:00,,,,,,
1980-04-07 00:00:00,,,,,,
1980-04-08 00:00:00,,,,,,
1980-04-09 00:00:00,,,,,,
1980-04-10 00:00:00,,,,,,
1980-04-11 00:00:00,,,,,,
1980-04-14 00:00:00,,,,,,
1980-04-15 00:00:00,,,,,,
1980-04-16 00:00:00,,,,,,
1980-04-17 00:00:00,,,,,,
1980-04-18 00:00:00,,,,,,
1980-04-21 00:00:00,,,,,,
1980-04-22 00:00:00,,,,,,
1980-04-23 00:00:00,,,,,,
1980-04-24 00:00:00,,,,,,
1980-04-25 00:00:00,,,,,,
1980-04-28 00:00:00,,,,,,
1980-04-29 00:00:00,,,,,,
1980-04-30 00:00:00,,,,,,
1980-05-01 00:00:00,,,,,,
1980-05-02 00:00:00,,,,,,
1980-05-05 00:00:00,,,,,,
1980-05-06 00:00:00,,,,,,
1980-05-07 00:00:00,,,,,,
1980-05-08 00:00:00,,,,,,
1980-05-09 00:00:00,,,,,,
1980-05-12 00:00:00,,,,,,
1980-05-13 00:00:00,,,,,,
1980-05-14 00:00:00,,,,,,
1980-05-15 00:00:00,,,,,,
1980-05-16 00:00:00,,,,,,
1980-05-19 00:00:00,,,,,,
1980-05-20 00:00:00,,,,,,
1980-05-21 00:00:00,,,,,,
1980-05-22 00:00:00,,,,,,
1980-05-23 00:00:00,,,,,,
1980-05-27 00:00:00,,,,,,
1980-05-28 00:00:00,,,,,,
1980-05-29 00:00:00,,,,,,
1980-05-30 00:00:00,,,,,,
1980-06-02 00:00:00,,,,,,
1980-06-03 00:00:00,,,,,,
1980-06-04 00:00:00,,,,,,
1980-06-05 00:00:00,,,,,,
1980-06-06 00:00:00,,,,,,
1980-06-09 00:00:00,,,,,,
1980-06-10 00:00:00,,,,,,
1980-06-11 00:00:00,,,,,,
1980-06-12 00:00:00,,,,,,
1980-06-13 00:00:00,,,,,,
1980-06-16 00:00:00,,,,,,
1980-06-17 00:00:00,,,,,,
1980-06-18 00:00:00,,,,,,
1980-06-19 00:00:00,,,,,,
1980-06-20 00:00:00,,,,,,
1980-06-23 00:00:00,,,,,,
1980-06-24 00:00:00,,,,,,
1980-06-25 00:00:00,,,,,,
1980-06-26 00:00:00,,,,,,
1980-06-27 00:00:00,,,,,,
1980-06-30 00:00:00,,,,,,
1980-07-01 00:00:00,,,,,,
1980-07-02 00:00:00,,,,,,
1980-07-03 00:00:00,,,,,,
1980-07-07 00:00:00,,,,,,
1980-07-08 00:00:00,,,,,,
1980-07-09 00:00:00,,,,,,
1980-07-10 00:00:00,,,,,,
1980-07-11 00:00:00,,,,,,
1980-07-14 00:00:00,,,,,,
1980-07-15 00:00:00,,,,,,
1980-07-16 00:00:00,,,,,,
1980-07-17 00:00:00,,,,,,
1980-07-18 00:00:00,,,,,,
1980-07-21 00:00:00,,,,,,
1980-07-22 00:00:00,,,,,,
1980-07-23 00:00:00,,,,,,
1980-07-24 00:00:00,,,,,,
1980-07-25 00:00:00,,,,,,
1980-07-28 00:00:00,,,,,,
1980-07-29 00:00:00,,,,,,
1980-07-30 00:00:00,,,,,,
1980-07-31 00:00:00,,,,,,
1980-08-01 00:00:00,,,,,,
1980-08-04 00:00:00,,,,,,
1980-08-05 00:00:00,,,,,,
1980-08-06 00:00:00,,,,,,
1980-08-07 00:00:00,,,,,,
1980-08-08 00:00:00,,,,,,
1980-08-11 00:00:00,,,,,,
1980-08-12 00:00:00,,,,,,
1980-08-13 00:00:00,,,,,,
1980-08-14 00:00:00,,,,,,
1980-08-15 00:00:00,,,,,,
1980-08-18 00:00:00,,,,,,
1980-08-19 00:00:00,,,,,,
1980-08-20 00:00:00,,,,,,
1980-08-21 00:00:00,,,,,,
1980-08-22 00:00:00,,,,,,
1980-08-25 00:00:00,,,,,,
1980-08-26 00:00:00,,,,,,
1980-08-27 00:00:00,,,,,,
1980-08-28 00:00:00,,,,,,
1980-08-29 00:00:00,,,,,,
1980-09-02 00:00:00,,,,,,
1980-09-03 00:00:00,,,,,,
1980-09-04 00:00:00,,,,,,
1980-09-05 00:00:00,,,,,,
1980-09-08 00:00:00,,,,,,
1980-09-09 00:00:00,,,,,,
1980-09-10 00:00:00,,,,,,
1980-09-11 00:00:00,,,,,,
1980-09-12 00:00:00,,,,,,
1980-09-15 00:00:00,,,,,,
1980-09-16 00:00:00,,,,,,
1980-09-17 00:00:00,,,,,,
1980-09-18 00:00:00,,,,,,
1980-09-19 00:00:00,,,,,,
1980-09-22 00:00:00,,,,,,
1980-09-23 00:00:00,,,,,,
1980-09-24 00:00:00,,,,,,
1980-09-25 00:00:00,,,,,,
1980-09-26 00:00:00,,,,,,
1980-09-29 00:00:00,,,,,,
1980-09-30 00:00:00,,,,,,
1980-10-01 00:00:00,,,,,,
1980-10-02 00:00:00,,,,,,
1980-10-03 00:00:00,,,,,,
1980-10-06 00:00:00,,,,,,
1980-10-07 00:00:00,,,,,,
1980-10-08 00:00:00,,,,,,
1980-10-09 00:00:00,,,,,,
1980-10-10 00:00:00,,,,,,
1980-10-13 00:00:00,,,,,,
1980-10-14 00:00:00,,,,,,
1980-10-15 00:00:00,,,,,,
1980-10-16 00:00:00,,,,,,
1980-10-17 00:00:00,,,,,,
1980-10-20 00:00:00,,,,,,
1980-10-21 00:00:00,,,,,,
1980-10-22 00:00:00,,,,,,
1980-10-23 00:00:00,,,,,,
1980-10-24 00:00:00,,,,,,
1980-10-27 00:00:00,,,,,,
1980-10-28 00:00:00,,,,,,
1980-10-29 00:00:00,,,,,,
1980-10-30 00:00:00,,,,,,
1980-10-31 00:00:00,,,,,,
1980-11-03 00:00:00,,,,,,
1980-11-05 00:00:00,,,,,,
1980-11-06 00:00:00,,,,,,
1980-11-07 00:00:00,,,,,,
1980-11-10 00:00:00,,,,,,
1980-11-11 00:00:00,,,,,,
1980-11-12 00:00:00,,,,,,
1980-11-13 00:00:00,,,,,,
1980-11-14 00:00:00,,,,,,
1980-11-17 00:00:00,,,,,,
1980-11-18 00:00:00,,,,,,
1980-11-19 00:00:00,,,,,,
1980-11-20 00:00:00,,,,,,
1980-11-21 00:00:00,,,,,,
1980-11-24 00:00:00,,,,,,
1980-11-25 00:00:00,,,,,,
1980-11-26 00:00:00,,,,,,
1980-11-28 00:00:00,,,,,,
1980-12-01 00:00:00,,,,,,
1980-12-02 00:00:00,,,,,,
1980-12-03 00:00:00,,,,,,
1980-12-04 00:00:00,,,,,,
1980-12-05 00:00:00,,,,,,
1980-12-08 00:00:00,,,,,,
1980-12-09 00:00:00,,,,,,
1980-12-10 00:00:00,,,,,,
1980-12-11 00:00:00,,,,,,
1980-12-12 00:00:00,,,,,,
1980-12-15 00:00:00,,,,,,
1980-12-16 00:00:00,,,,,,
1980-12-17 00:00:00,,,,,,
1980-12-18 00:00:00,,,,,,
1980-12-19 00:00:00,,,,,,
1980-12-22 00:00:00,,,,,,
1980-12-23 00:00:00,,,,,,
1980-12-24 00:00:00,,,,,,
1980-12-26 00:00:00,,,,,,
1980-12-29 00:00:00,,,,,,
1980-12-30 00:00:00,,,,,,
1980-12-31 00:00:00,,,,,,
1981-01-02 00:00:00,,,,,,
1981-01-05 00:00:00,,,,,,
1981-01-06 00:00:00,,,,,,
1981-01-07 00:00:00,,,,,,
1981-01-08 00:00:00,,,,,,
1981-01-09 00:00:00,,,,,,
1981-01-12 00:00:00,,,,,,
1981-01-13 00:00:00,,,,,,
1981-01-14 00:00:00,,,,,,
1981-01-15 00:00:00,,,,,,
1981-01-16 00:00:00,,,,,,
1981-01-19 00:00:00,,,,,,
1981-01-20 00:00:00,,,,,,
1981-01-21 00:00:00,,,,,,
1981-01-22 00:00:00,,,,,,
1981-01-23 00:00:00,,,,,,
1981-01-26 00:00:00,,,,,,
1981-01-27 00:00:00,,,,,,
1981-01-28 00:00:00,,,,,,
1981-01-29 00:00:00,,,,,,
1981-01-30 00:00:00,,,,,,
1981-02-02 00:00:00,,,,,,
1981-02-03 00:00:00,,,,,,
1981-02-04 00:00:00,,,,,,
1981-02-05 00:00:00,,,,,,
1981-02-06 00:00:00,,,,,,
1981-02-09 00:00:00,,,,,,
1981-02-10 00:00:00,,,,,,
1981-02-11 00:00:00,,,,,,
1981-02-12 00:00:00,,,,,,
1981-02-13 00:00:00,,,,,,
1981-02-17 00:00:00,,,,,,
1981-02-18 00:00:00,,,,,,
1981-02-19 00:00:00,,,,,,
1981-02-20 00:00:00,,,,,,
1981-02-23 00:00:00,,,,,,
1981-02-24 00:00:00,,,,,,
1981-02-25 00:00:00,,,,,,
1981-02-26 00:00:00,,,,,,
1981-02-27 00:00:00,,,,,,
1981-03-02 00:00:00,,,,,,
1981-03-03 00:00:00,,,,,,
1981-03-04 00:00:00,,,,,,
1981-03-05 00:00:00,,,,,,
1981-03-06 00:00:00,,,,,,
1981-03-09 00:00:00,,,,,,
1981-03-10 00:00:00,,,,,,
1981-03-11 00:00:00,,,,,,
1981-03-12 00:00:00,,,,,,
1981-03-13 00:00:00,,,,,,
1981-03-16 00:00:00,,,,,,
1981-03-17 00:00:00,,,,,,
1981-03-18 00:00:00,,,,,,
1981-03-19 00:00:00,,,,,,
1981-03-20 00:00:00,,,,,,
1981-03-23 00:00:00,,,,,,
1981-03-24 00:00:00,,,,,,
1981-03-25 00:00:00,,,,,,
1981-03-26 00:00:00,,,,,,
1981-03-27 00:00:00,,,,,,
1981-03-30 00:00:00,,,,,,
1981-03-31 00:00:00,,,,,,
1981-04-01 00:00:00,,,,,,
1981-04-02 00:00:00,,,,,,
1981-04-03 00:00:00,,,,,,
1981-04-06 00:00:00,,,,,,
1981-04-07 00:00:00,,,,,,
1981-04-08 00:00:00,,,,,,
1981-04-09 00:00:00,,,,,,
1981-04-10 00:00:00,,,,,,
1981-04-13 00:00:00,,,,,,
1981-04-14 00:00:00,,,,,,
1981-04-15 00:00:00,,,,,,
1981-04-16 00:00:00,,,,,,
1981-04-20 00:00:00,,,,,,
1981-04-21 00:00:00,,,,,,
1981-04-22 00:00:00,,,,,,
1981-04-23 00:00:00,,,,,,
1981-04-24 00:00:00,,,,,,
1981-04-27 00:00:00,,,,,,
1981-04-28 00:00:00,,,,,,
1981-04-29 00:00:00,,,,,,
1981-04-30 00:00:00,,,,,,
1981-05-01 00:00:00,,,,,,
1981-05-04 00:00:00,,,,,,
1981-05-05 00:00:00,,,,,,
1981-05-06 00:00:00,,,,,,
1981-05-07 00:00:00,,,,,,
1981-05-08 00:00:00,,,,,,
1981-05-11 00:00:00,,,,,,
1981-05-12 00:00:00,,,,,,
1981-05-13 00:00:00,,,,,,
1981-05-14 00:00:00,,,,,,
1981-05-15 00:00:00,,,,,,
1981-05-18 00:00:00,,,,,,
1981-05-19 00:00:00,,,,,,
1981-05-20 00:00:00,,,,,,
1981-05-21 00:00:00,,,,,,
1981-05-22 00:00:00,,,,,,
1981-05-26 00:00:00,,,,,,
1981-05-27 00:00:00,,,,,,
1981-05-28 00:00:00,,,,,,
1981-05-29 00:00:00,,,,,,
1981-06-01 00:00:00,,,,,,
1981-06-02 00:00:00,,,,,,
1981-06-03 00:00:00,,,,,,
1981-06-04 00:00:00,,,,,,
1981-06-05 00:00:00,,,,,,
1981-06-08 00:00:00,,,,,,
1981-06-09 00:00:00,,,,,,
1981-06-10 00:00:00,,,,,,
1981-06-11 00:00:00,,,,,,
1981-06-12 00:00:00,,,,,,
1981-06-15 00:00:00,,,,,,
1981-06-16 00:00:00,,,,,,
1981-06-17 00:00:00,,,,,,
1981-06-18 00:00:00,,,,,,
1981-06-19 00:00:00,,,,,,
1981-06-22 00:00:00,,,,,,
1981-06-23 00:00:00,,,,,,
1981-06-24 00:00:00,,,,,,
1981-06-25 00:00:00,,,,,,
1981-06-26 00:00:00,,,,,,
1981-06-29 00:00:00,,,,,,
1981-06-30 00:00:00,,,,,,
1981-07-01 00:00:00,,,,,,
1981-07-02 00:00:00,,,,,,
1981-07-06 00:00:00,,,,,,
1981-07-07 00:00:00,,,,,,
1981-07-08 00:00:00,,,,,,
1981-07-09 00:00:00,,,,,,
1981-07-10 00:00:00,,,,,,
1981-07-13 00:00:00,,,,,,
1981-07-14 00:00:00,,,,,,
1981-07-15 00:00:00,,,,,,
1981-07-16 00:00:00,,,,,,
1981-07-17 00:00:00,,,,,,
1981-07-20 00:00:00,,,,,,
1981-07-21 00:00:00,,,,,,
1981-07-22 00:00:00,,,,,,
1981-07-23 00:00:00,,,,,,
1981-07-24 00:00:00,,,,,,
1981-07-27 00:00:00,,,,,,
1981-07-28 00:00:00,,,,,,
1981-07-29 00:00:00,,,,,,
1981-07-30 00:00:00,,,,,,
1981-07-31 00:00:00,,,,,,
1981-08-03 00:00:00,,,,,,
1981-08-04 00:00:00,,,,,,
1981-08-05 00:00:00,,,,,,
1981-08-06 00:00:00,,,,,,
1981-08-07 00:00:00,,,,,,
1981-08-10 00:00:00,,,,,,
1981-08-11 00:00:00,,,,,,
1981-08-12 00:00:00,,,,,,
1981-08-13 00:00:00,,,,,,
1981-08-14 00:00:00,,,,,,
1981-08-17 00:00:00,,,,,,
1981-08-18 00:00:00,,,,,,
1981-08-19 00:00:00,,,,,,
1981-08-20 00:00:00,,,,,,
1981-08-21 00:00:00,,,,,,
1981-08-24 00:00:00,,,,,,
1981-08-25 00:00:00,,,,,,
1981-08-26 00:00:00,,,,,,
1981-08-27 00:00:00,,,,,,
1981-08-28 00:00:00,,,,,,
1981-08-31 00:00:00,,,,,,
1981-09-01 00:00:00,,,,,,
1981-09-02 00:00:00,,,,,,
1981-09-03 00:00:00,,,,,,
1981-09-04 00:00:00,,,,,,
1981-09-08 00:00:00,,,,,,
1981-09-09 00:00:00,,,,,,
1981-09-10 00:00:00,,,,,,
1981-09-11 00:00:00,,,,,,
1981-09-14 00:00:00,,,,,,
1981-09-15 00:00:00,,,,,,
1981-09-16 00:00:00,,,,,,
1981-09-17 00:00:00,,,,,,
1981-09-18 00:00:00,,,,,,
1981-09-21 00:00:00,,,,,,
1981-09-22 00:00:00,,,,,,
1981-09-23 00:00:00,,,,,,
1981-09-24 00:00:00,,,,,,
1981-09-25 00:00:00,,,,,,
1981-09-28 00:00:00,,,,,,
1981-09-29 00:00:00,,,,,,
1981-09-30 00:00:00,,,,,,
1981-10-01 00:00:00,,,,,,
1981-10-02 00:00:00,,,,,,
1981-10-05 00:00:00,,,,,,
1981-10-06 00:00:00,,,,,,
1981-10-07 00:00:00,,,,,,
1981-10-08 00:00:00,,,,,,
1981-10-09 00:00:00,,,,,,
1981-10-12 00:00:00,,,,,,
1981-10-13 00:00:00,,,,,,
1981-10-14 00:00:00,,,,,,
1981-10-15 00:00:00,,,,,,
1981-10-16 00:00:00,,,,,,
1981-10-19 00:00:00,,,,,,
1981-10-20 00:00:00,,,,,,
1981-10-21 00:00:00,,,,,,
1981-10-22 00:00:00,,,,,,
1981-10-23 00:00:00,,,,,,
1981-10-26 00:00:00,,,,,,
1981-10-27 00:00:00,,,,,,
1981-10-28 00:00:00,,,,,,
1981-10-29 00:00:00,,,,,,
1981-10-30 00:00:00,,,,,,
1981-11-02 00:00:00,,,,,,
1981-11-03 00:00:00,,,,,,
1981-11-04 00:00:00,,,,,,
1981-11-05 00:00:00,,,,,,
1981-11-06 00:00:00,,,,,,
1981-11-09 00:00:00,,,,,,
1981-11-10 00:00:00,,,,,,
1981-11-11 00:00:00,,,,,,
1981-11-12 00:00:00,,,,,,
1981-11-13 00:00:00,,,,,,
1981-11-16 00:00:00,,,,,,
1981-11-17 00:00:00,,,,,,
1981-11-18 00:00:00,,,,,,
1981-11-19 00:00:00,,,,,,
1981-11-20 00:00:00,,,,,,
1981-11-23 00:00:00,,,,,,
1981-11-24 00:00:00,,,,,,
1981-11-25 00:00:00,,,,,,
1981-11-27 00:00:00,,,,,,
1981-11-30 00:00:00,,,,,,
1981-12-01 00:00:00,,,,,,
1981-12-02 00:00:00,,,,,,
1981-12-03 00:00:00,,,,,,
1981-12-04 00:00:00,,,,,,
1981-12-07 00:00:00,,,,,,
1981-12-08 00:00:00,,,,,,
1981-12-09 00:00:00,,,,,,
1981-12-10 00:00:00,,,,,,
1981-12-11 00:00:00,,,,,,
1981-12-14 00:00:00,,,,,,
1981-12-15 00:00:00,,,,,,
1981-12-16 00:00:00,,,,,,
1981-12-17 00:00:00,,,,,,
1981-12-18 00:00:00,,,,,,
1981-12-21 00:00:00,,,,,,
1981-12-22 00:00:00,,,,,,
1981-12-23 00:00:00,,,,,,
1981-12-24 00:00:00,,,,,,
1981-12-28 00:00:00,,,,,,
1981-12-29 00:00:00,,,,,,
1981-12-30 00:00:00,,,,,,
1981-12-31 00:00:00,,,,,,
1982-01-04 00:00:00,,,,,,
1982-01-05 00:00:00,,,,,,
1982-01-06 00:00:00,,,,,,
1982-01-07 00:00:00,,,,,,
1982-01-08 00:00:00,,,,,,
1982-01-11 00:00:00,,,,,,
1982-01-12 00:00:00,,,,,,
1982-01-13 00:00:00,,,,,,
1982-01-14 00:00:00,,,,,,
1982-01-15 00:00:00,,,,,,
1982-01-18 00:00:00,,,,,,
1982-01-19 00:00:00,,,,,,
1982-01-20 00:00:00,,,,,,
1982-01-21 00:00:00,,,,,,
1982-01-22 00:00:00,,,,,,
1982-01-25 00:00:00,,,,,,
1982-01-26 00:00:00,,,,,,
1982-01-27 00:00:00,,,,,,
1982-01-28 00:00:00,,,,,,
1982-01-29 00:00:00,,,,,,
1982-02-01 00:00:00,,,,,,
1982-02-02 00:00:00,,,,,,
1982-02-03 00:00:00,,,,,,
1982-02-04 00:00:00,,,,,,
1982-02-05 00:00:00,,,,,,
1982-02-08 00:00:00,,,,,,
1982-02-09 00:00:00,,,,,,
1982-02-10 00:00:00,,,,,,
1982-02-11 00:00:00,,,,,,
1982-02-12 00:00:00,,,,,,
1982-02-16 00:00:00,,,,,,
1982-02-17 00:00:00,,,,,,
1982-02-18 00:00:00,,,,,,
1982-02-19 00:00:00,,,,,,
1982-02-22 00:00:00,,,,,,
1982-02-23 00:00:00,,,,,,
1982-02-24 00:00:00,,,,,,
1982-02-25 00:00:00,,,,,,
1982-02-26 00:00:00,,,,,,
1982-03-01 00:00:00,,,,,,
1982-03-02 00:00:00,,,,,,
1982-03-03 00:00:00,,,,,,
1982-03-04 00:00:00,,,,,,
1982-03-05 00:00:00,,,,,,
1982-03-08 00:00:00,,,,,,
1982-03-09 00:00:00,,,,,,
1982-03-10 00:00:00,,,,,,
1982-03-11 00:00:00,,,,,,
1982-03-12 00:00:00,,,,,,
1982-03-15 00:00:00,,,,,,
1982-03-16 00:00:00,,,,,,
1982-03-17 00:00:00,,,,,,
1982-03-18 00:00:00,,,,,,
1982-03-19 00:00:00,,,,,,
1982-03-22 00:00:00,,,,,,
1982-03-23 00:00:00,,,,,,
1982-03-24 00:00:00,,,,,,
1982-03-25 00:00:00,,,,,,
1982-03-26 00:00:00,,,,,,
1982-03-29 00:00:00,,,,,,
1982-03-30 00:00:00,,,,,,
1982-03-31 00:00:00,,,,,,
1982-04-01 00:00:00,,,,,,
1982-04-02 00:00:00,,,,,,
1982-04-05 00:00:00,,,,,,
1982-04-06 00:00:00,,,,,,
1982-04-07 00:00:00,,,,,,
1982-04-08 00:00:00,,,,,,
1982-04-12 00:00:00,,,,,,
1982-04-13 00:00:00,,,,,,
1982-04-14 00:00:00,,,,,,
1982-04-15 00:00:00,,,,,,
1982-04-16 00:00:00,,,,,,
1982-04-19 00:00:00,,,,,,
1982-04-20 00:00:00,,,,,,
1982-04-21 00:00:00,,,,,,
1982-04-22 00:00:00,,,,,,
1982-04-23 00:00:00,,,,,,
1982-04-26 00:00:00,,,,,,
1982-04-27 00:00:00,,,,,,
1982-04-28 00:00:00,,,,,,
1982-04-29 00:00:00,,,,,,
1982-04-30 00:00:00,,,,,,
1982-05-03 00:00:00,,,,,,
1982-05-04 00:00:00,,,,,,
1982-05-05 00:00:00,,,,,,
1982-05-06 00:00:00,,,,,,
1982-05-07 00:00:00,,,,,,
1982-05-10 00:00:00,,,,,,
1982-05-11 00:00:00,,,,,,
1982-05-12 00:00:00,,,,,,
1982-05-13 00:00:00,,,,,,
1982-05-14 00:00:00,,,,,,
1982-05-17 00:00:00,,,,,,
1982-05-18 00:00:00,,,,,,
1982-05-19 00:00:00,,,,,,
1982-05-20 00:00:00,,,,,,
1982-05-21 00:00:00,,,,,,
1982-05-24 00:00:00,,,,,,
1982-05-25 00:00:00,,,,,,
1982-05-26 00:00:00,,,,,,
1982-05-27 00:00:00,,,,,,
1982-05-28 00:00:00,,,,,,
1982-06-01 00:00:00,,,,,,
1982-06-02 00:00:00,,,,,,
1982-06-03 00:00:00,,,,,,
1982-06-04 00:00:00,,,,,,
1982-06-07 00:00:00,,,,,,
1982-06-08 00:00:00,,,,,,
1982-06-09 00:00:00,,,,,,
1982-06-10 00:00:00,,,,,,
1982-06-11 00:00:00,,,,,,
1982-06-14 00:00:00,,,,,,
1982-06-15 00:00:00,,,,,,
1982-06-16 00:00:00,,,,,,
1982-06-17 00:00:00,,,,,,
1982-06-18 00:00:00,,,,,,
1982-06-21 00:00:00,,,,,,
1982-06-22 00:00:00,,,,,,
1982-06-23 00:00:00,,,,,,
1982-06-24 00:00:00,,,,,,
1982-06-25 00:00:00,,,,,,
1982-06-28 00:00:00,,,,,,
1982-06-29 00:00:00,,,,,,
1982-06-30 00:00:00,,,,,,
1982-07-01 00:00:00,,,,,,
1982-07-02 00:00:00,,,,,,
1982-07-06 00:00:00,,,,,,
1982-07-07 00:00:00,,,,,,
1982-07-08 00:00:00,,,,,,
1982-07-09 00:00:00,,,,,,
1982-07-12 00:00:00,,,,,,
1982-07-13 00:00:00,,,,,,
1982-07-14 00:00:00,,,,,,
1982-07-15 00:00:00,,,,,,
1982-07-16 00:00:00,,,,,,
1982-07-19 00:00:00,,,,,,
1982-07-20 00:00:00,,,,,,
1982-07-21 00:00:00,,,,,,
1982-07-22 00:00:00,,,,,,
1982-07-23 00:00:00,,,,,,
1982-07-26 00:00:00,,,,,,
1982-07-27 00:00:00,,,,,,
1982-07-28 00:00:00,,,,,,
1982-07-29 00:00:00,,,,,,
1982-07-30 00:00:00,,,,,,
1982-08-02 00:00:00,,,,,,
1982-08-03 00:00:00,,,,,,
1982-08-04 00:00:00,,,,,,
1982-08-05 00:00:00,,,,,,
1982-08-06 00:00:00,,,,,,
1982-08-09 00:00:00,,,,,,
1982-08-10 00:00:00,,,,,,
1982-08-11 00:00:00,,,,,,
1982-08-12 00:00:00,,,,,,
1982-08-13 00:00:00,,,,,,
1982-08-16 00:00:00,,,,,,
1982-08-17 00:00:00,,,,,,
1982-08-18 00:00:00,,,,,,
1982-08-19 00:00:00,,,,,,
1982-08-20 00:00:00,,,,,,
1982-08-23 00:00:00,,,,,,
1982-08-24 00:00:00,,,,,,
1982-08-25 00:00:00,,,,,,
1982-08-26 00:00:00,,,,,,
1982-08-27 00:00:00,,,,,,
1982-08-30 00:00:00,,,,,,
1982-08-31 00:00:00,,,,,,
1982-09-01 00:00:00,,,,,,
1982-09-02 00:00:00,,,,,,
1982-09-03 00:00:00,,,,,,
1982-09-07 00:00:00,,,,,,
1982-09-08 00:00:00,,,,,,
1982-09-09 00:00:00,,,,,,
1982-09-10 00:00:00,,,,,,
1982-09-13 00:00:00,,,,,,
1982-09-14 00:00:00,,,,,,
1982-09-15 00:00:00,,,,,,
1982-09-16 00:00:00,,,,,,
1982-09-17 00:00:00,,,,,,
1982-09-20 00:00:00,,,,,,
1982-09-21 00:00:00,,,,,,
1982-09-22 00:00:00,,,,,,
1982-09-23 00:00:00,,,,,,
1982-09-24 00:00:00,,,,,,
1982-09-27 00:00:00,,,,,,
1982-09-28 00:00:00,,,,,,
1982-09-29 00:00:00,,,,,,
1982-09-30 00:00:00,,,,,,
1982-10-01 00:00:00,,,,,,
1982-10-04 00:00:00,,,,,,
1982-10-05 00:00:00,,,,,,
1982-10-06 00:00:00,,,,,,
1982-10-07 00:00:00,,,,,,
1982-10-08 00:00:00,,,,,,
1982-10-11 00:00:00,,,,,,
1982-10-12 00:00:00,,,,,,
1982-10-13 00:00:00,,,,,,
1982-10-14 00:00:00,,,,,,
1982-10-15 00:00:00,,,,,,
1982-10-18 00:00:00,,,,,,
1982-10-19 00:00:00,,,,,,
1982-10-20 00:00:00,,,,,,
1982-10-21 00:00:00,,,,,,
1982-10-22 00:00:00,,,,,,
1982-10-25 00:00:00,,,,,,
1982-10-26 00:00:00,,,,,,
1982-10-27 00:00:00,,,,,,
1982-10-28 00:00:00,,,,,,
1982-10-29 00:00:00,,,,,,
1982-11-01 00:00:00,,,,,,
1982-11-02 00:00:00,,,,,,
1982-11-03 00:00:00,,,,,,
1982-11-04 00:00:00,,,,,,
1982-11-05 00:00:00,,,,,,
1982-11-08 00:00:00,,,,,,
1982-11-09 00:00:00,,,,,,
1982-11-10 00:00:00,,,,,,
1982-11-11 00:00:00,,,,,,
1982-11-12 00:00:00,,,,,,
1982-11-15 00:00:00,,,,,,
1982-11-16 00:00:00,,,,,,
1982-11-17 00:00:00,,,,,,
1982-11-18 00:00:00,,,,,,
1982-11-19 00:00:00,,,,,,
1982-11-22 00:00:00,,,,,,
1982-11-23 00:00:00,,,,,,
1982-11-24 00:00:00,,,,,,
1982-11-26 00:00:00,,,,,,
1982-11-29 00:00:00,,,,,,
1982-11-30 00:00:00,,,,,,
1982-12-01 00:00:00,,,,,,
1982-12-02 00:00:00,,,,,,
1982-12-03 00:00:00,,,,,,
1982-12-06 00:00:00,,,,,,
1982-12-07 00:00:00,,,,,,
1982-12-08 00:00:00,,,,,,
1982-12-09 00:00:00,,,,,,
1982-12-10 00:00:00,,,,,,
1982-12-13 00:00:00,,,,,,
1982-12-14 00:00:00,,,,,,
1982-12-15 00:00:00,,,,,,
1982-12-16 00:00:00,,,,,,
1982-12-17 00:00:00,,,,,,
1982-12-20 00:00:00,,,,,,
1982-12-21 00:00:00,,,,,,
1982-12-22 00:00:00,,,,,,
1982-12-23 00:00:00,,,,,,
1982-12-27 00:00:00,,,,,,
1982-12-28 00:00:00,,,,,,
1982-12-29 00:00:00,,,,,,
1982-12-30 00:00:00,,,,,,
1982-12-31 00:00:00,,,,,,
1983-01-03 00:00:00,,,,,,
1983-01-04 00:00:00,,,,,,
1983-01-05 00:00:00,,,,,,
1983-01-06 00:00:00,,,,,,
1983-01-07 00:00:00,,,,,,
1983-01-10 00:00:00,,,,,,
1983-01-11 00:00:00,,,,,,
1983-01-12 00:00:00,,,,,,
1983-01-13 00:00:00,,,,,,
1983-01-14 00:00:00,,,,,,
1983-01-17 00:00:00,,,,,,
1983-01-18 00:00:00,,,,,,
1983-01-19 00:00:00,,,,,,
1983-01-20 00:00:00,,,,,,
1983-01-21 00:00:00,,,,,,
1983-01-24 00:00:00,,,,,,
1983-01-25 00:00:00,,,,,,
1983-01-26 00:00:00,,,,,,
1983-01-27 00:00:00,,,,,,
1983-01-28 00:00:00,,,,,,
1983-01-31 00:00:00,,,,,,
1983-02-01 00:00:00,,,,,,
1983-02-02 00:00:00,,,,,,
1983-02-03 00:00:00,,,,,,
1983-02-04 00:00:00,,,,,,
1983-02-07 00:00:00,,,,,,
1983-02-08 00:00:00,,,,,,
1983-02-09 00:00:00,,,,,,
1983-02-10 00:00:00,,,,,,
1983-02-11 00:00:00,,,,,,
1983-02-14 00:00:00,,,,,,
1983-02-15 00:00:00,,,,,,
1983-02-16 00:00:00,,,,,,
1983-02-17 00:00:00,,,,,,
1983-02-18 00:00:00,,,,,,
1983-02-22 00:00:00,,,,,,
1983-02-23 00:00:00,,,,,,
1983-02-24 00:00:00,,,,,,
1983-02-25 00:00:00,,,,,,
1983-02-28 00:00:00,,,,,,
1983-03-01 00:00:00,,,,,,
1983-03-02 00:00:00,,,,,,
1983-03-03 00:00:00,,,,,,
1983-03-04 00:00:00,,,,,,
1983-03-07 00:00:00,,,,,,
1983-03-08 00:00:00,,,,,,
1983-03-09 00:00:00,,,,,,
1983-03-10 00:00:00,,,,,,
1983-03-11 00:00:00,,,,,,
1983-03-14 00:00:00,,,,,,
1983-03-15 00:00:00,,,,,,
1983-03-16 00:00:00,,,,,,
1983-03-17 00:00:00,,,,,,
1983-03-18 00:00:00,,,,,,
1983-03-21 00:00:00,,,,,,
1983-03-22 00:00:00,,,,,,
1983-03-23 00:00:00,,,,,,
1983-03-24 00:00:00,,,,,,
1983-03-25 00:00:00,,,,,,
1983-03-28 00:00:00,,,,,,
1983-03-29 00:00:00,,,,,,
1983-03-30 00:00:00,,,,,,
1983-03-31 00:00:00,,,,,,
1983-04-04 00:00:00,,,,,,
1983-04-05 00:00:00,,,,,,
1983-04-06 00:00:00,,,,,,
1983-04-07 00:00:00,,,,,,
1983-04-08 00:00:00,,,,,,
1983-04-11 00:00:00,,,,,,
1983-04-12 00:00:00,,,,,,
1983-04-13 00:00:00,,,,,,
1983-04-14 00:00:00,,,,,,
1983-04-15 00:00:00,,,,,,
1983-04-18 00:00:00,,,,,,
1983-04-19 00:00:00,,,,,,
1983-04-20 00:00:00,,,,,,
1983-04-21 00:00:00,,,,,,
1983-04-22 00:00:00,,,,,,
1983-04-25 00:00:00,,,,,,
1983-04-26 00:00:00,,,,,,
1983-04-27 00:00:00,,,,,,
1983-04-28 00:00:00,,,,,,
1983-04-29 00:00:00,,,,,,
1983-05-02 00:00:00,,,,,,
1983-05-03 00:00:00,,,,,,
1983-05-04 00:00:00,,,,,,
1983-05-05 00:00:00,,,,,,
1983-05-06 00:00:00,,,,,,
1983-05-09 00:00:00,,,,,,
1983-05-10 00:00:00,,,,,,
1983-05-11 00:00:00,,,,,,
1983-05-12 00:00:00,,,,,,
1983-05-13 00:00:00,,,,,,
1983-05-16 00:00:00,,,,,,
1983-05-17 00:00:00,,,,,,
1983-05-18 00:00:00,,,,,,
1983-05-19 00:00:00,,,,,,
1983-05-20 00:00:00,,,,,,
1983-05-23 00:00:00,,,,,,
1983-05-24 00:00:00,,,,,,
1983-05-25 00:00:00,,,,,,
1983-05-26 00:00:00,,,,,,
1983-05-27 00:00:00,,,,,,
1983-05-31 00:00:00,,,,,,
1983-06-01 00:00:00,,,,,,
1983-06-02 00:00:00,,,,,,
1983-06-03 00:00:00,,,,,,
1983-06-06 00:00:00,,,,,,
1983-06-07 00:00:00,,,,,,
1983-06-08 00:00:00,,,,,,
1983-06-09 00:00:00,,,,,,
1983-06-10 00:00:00,,,,,,
1983-06-13 00:00:00,,,,,,
1983-06-14 00:00:00,,,,,,
1983-06-15 00:00:00,,,,,,
1983-06-16 00:00:00,,,,,,
1983-06-17 00:00:00,,,,,,
1983-06-20 00:00:00,,,,,,
1983-06-21 00:00:00,,,,,,
1983-06-22 00:00:00,,,,,,
1983-06-23 00:00:00,,,,,,
1983-06-24 00:00:00,,,,,,
1983-06-27 00:00:00,,,,,,
1983-06-28 00:00:00,,,,,,
1983-06-29 00:00:00,,,,,,
1983-06-30 00:00:00,,,,,,
1983-07-01 00:00:00,,,,,,
1983-07-05 00:00:00,,,,,,
1983-07-06 00:00:00,,,,,,
1983-07-07 00:00:00,,,,,,
1983-07-08 00:00:00,,,,,,
1983-07-11 00:00:00,,,,,,
1983-07-12 00:00:00,,,,,,
1983-07-13 00:00:00,,,,,,
1983-07-14 00:00:00,,,,,,
1983-07-15 00:00:00,,,,,,
1983-07-18 00:00:00,,,,,,
1983-07-19 00:00:00,,,,,,
1983-07-20 00:00:00,,,,,,
1983-07-21 00:00:00,,,,,,
1983-07-22 00:00:00,,,,,,
1983-07-25 00:00:00,,,,,,
1983-07-26 00:00:00,,,,,,
1983-07-27 00:00:00,,,,,,
1983-07-28 00:00:00,,,,,,
1983-07-29 00:00:00,,,,,,
1983-08-01 00:00:00,,,,,,
1983-08-02 00:00:00,,,,,,
1983-08-03 00:00:00,,,,,,
1983-08-04 00:00:00,,,,,,
1983-08-05 00:00:00,,,,,,
1983-08-08 00:00:00,,,,,,
1983-08-09 00:00:00,,,,,,
1983-08-10 00:00:00,,,,,,
1983-08-11 00:00:00,,,,,,
1983-08-12 00:00:00,,,,,,
1983-08-15 00:00:00,,,,,,
1983-08-16 00:00:00,,,,,,
1983-08-17 00:00:00,,,,,,
1983-08-18 00:00:00,,,,,,
1983-08-19 00:00:00,,,,,,
1983-08-22 00:00:00,,,,,,
1983-08-23 00:00:00,,,,,,
1983-08-24 00:00:00,,,,,,
1983-08-25 00:00:00,,,,,,
1983-08-26 00:00:00,,,,,,
1983-08-29 00:00:00,,,,,,
1983-08-30 00:00:00,,,,,,
1983-08-31 00:00:00,,,,,,
1983-09-01 00:00:00,,,,,,
1983-09-02 00:00:00,,,,,,
1983-09-06 00:00:00,,,,,,
1983-09-07 00:00:00,,,,,,
1983-09-08 00:00:00,,,,,,
1983-09-09 00:00:00,,,,,,
1983-09-12 00:00:00,,,,,,
1983-09-13 00:00:00,,,,,,
1983-09-14 00:00:00,,,,,,
1983-09-15 00:00:00,,,,,,
1983-09-16 00:00:00,,,,,,
1983-09-19 00:00:00,,,,,,
1983-09-20 00:00:00,,,,,,
1983-09-21 00:00:00,,,,,,
1983-09-22 00:00:00,,,,,,
1983-09-23 00:00:00,,,,,,
1983-09-26 00:00:00,,,,,,
1983-09-27 00:00:00,,,,,,
1983-09-28 00:00:00,,,,,,
1983-09-29 00:00:00,,,,,,
1983-09-30 00:00:00,,,,,,
1983-10-03 00:00:00,,,,,,
1983-10-04 00:00:00,,,,,,
1983-10-05 00:00:00,,,,,,
1983-10-06 00:00:00,,,,,,
1983-10-07 00:00:00,,,,,,
1983-10-10 00:00:00,,,,,,
1983-10-11 00:00:00,,,,,,
1983-10-12 00:00:00,,,,,,
1983-10-13 00:00:00,,,,,,
1983-10-14 00:00:00,,,,,,
1983-10-17 00:00:00,,,,,,
1983-10-18 00:00:00,,,,,,
1983-10-19 00:00:00,,,,,,
1983-10-20 00:00:00,,,,,,
1983-10-21 00:00:00,,,,,,
1983-10-24 00:00:00,,,,,,
1983-10-25 00:00:00,,,,,,
1983-10-26 00:00:00,,,,,,
1983-10-27 00:00:00,,,,,,
1983-10-28 00:00:00,,,,,,
1983-10-31 00:00:00,,,,,,
1983-11-01 00:00:00,,,,,,
1983-11-02 00:00:00,,,,,,
1983-11-03 00:00:00,,,,,,
1983-11-04 00:00:00,,,,,,
1983-11-07 00:00:00,,,,,,
1983-11-08 00:00:00,,,,,,
1983-11-09 00:00:00,,,,,,
1983-11-10 00:00:00,,,,,,
1983-11-11 00:00:00,,,,,,
1983-11-14 00:00:00,,,,,,
1983-11-15 00:00:00,,,,,,
1983-11-16 00:00:00,,,,,,
1983-11-17 00:00:00,,,,,,
1983-11-18 00:00:00,,,,,,
1983-11-21 00:00:00,,,,,,
1983-11-22 00:00:00,,,,,,
1983-11-23 00:00:00,,,,,,
1983-11-25 00:00:00,,,,,,
1983-11-28 00:00:00,,,,,,
1983-11-29 00:00:00,,,,,,
1983-11-30 00:00:00,,,,,,
1983-12-01 00:00:00,,,,,,
1983-12-02 00:00:00,,,,,,
1983-12-05 00:00:00,,,,,,
1983-12-06 00:00:00,,,,,,
1983-12-07 00:00:00,,,,,,
1983-12-08 00:00:00,,,,,,
1983-12-09 00:00:00,,,,,,
1983-12-12 00:00:00,,,,,,
1983-12-13 00:00:00,,,,,,
1983-12-14 00:00:00,,,,,,
1983-12-15 00:00:00,,,,,,
1983-12-16 00:00:00,,,,,,
1983-12-19 00:00:00,,,,,,
1983-12-20 00:00:00,,,,,,
1983-12-21 00:00:00,,,,,,
1983-12-22 00:00:00,,,,,,
1983-12-23 00:00:00,,,,,,
1983-12-27 00:00:00,,,,,,
1983-12-28 00:00:00,,,,,,
1983-12-29 00:00:00,,,,,,
1983-12-30 00:00:00,,,,,,
1984-01-03 00:00:00,,,,,,
1984-01-04 00:00:00,,,,,,
1984-01-05 00:00:00,,,,,,
1984-01-06 00:00:00,,,,,,
1984-01-09 00:00:00,,,,,,
1984-01-10 00:00:00,,,,,,
1984-01-11 00:00:00,,,,,,
1984-01-12 00:00:00,,,,,,
1984-01-13 00:00:00,,,,,,
1984-01-16 00:00:00,,,,,,
1984-01-17 00:00:00,,,,,,
1984-01-18 00:00:00,,,,,,
1984-01-19 00:00:00,,,,,,
1984-01-20 00:00:00,,,,,,
1984-01-23 00:00:00,,,,,,
1984-01-24 00:00:00,,,,,,
1984-01-25 00:00:00,,,,,,
1984-01-26 00:00:00,,,,,,
1984-01-27 00:00:00,,,,,,
1984-01-30 00:00:00,,,,,,
1984-01-31 00:00:00,,,,,,
1984-02-01 00:00:00,,,,,,
1984-02-02 00:00:00,,,,,,
1984-02-03 00:00:00,,,,,,
1984-02-06 00:00:00,,,,,,
1984-02-07 00:00:00,,,,,,
1984-02-08 00:00:00,,,,,,
1984-02-09 00:00:00,,,,,,
1984-02-10 00:00:00,,,,,,
1984-02-13 00:00:00,,,,,,
1984-02-14 00:00:00,,,,,,
1984-02-15 00:00:00,,,,,,
1984-02-16 00:00:00,,,,,,
1984-02-17 00:00:00,,,,,,
1984-02-21 00:00:00,,,,,,
1984-02-22 00:00:00,,,,,,
1984-02-23 00:00:00,,,,,,
1984-02-24 00:00:00,,,,,,
1984-02-27 00:00:00,,,,,,
1984-02-28 00:00:00,,,,,,
1984-02-29 00:00:00,,,,,,
1984-03-01 00:00:00,,,,,,
1984-03-02 00:00:00,,,,,,
1984-03-05 00:00:00,,,,,,
1984-03-06 00:00:00,,,,,,
1984-03-07 00:00:00,,,,,,
1984-03-08 00:00:00,,,,,,
1984-03-09 00:00:00,,,,,,
1984-03-12 00:00:00,,,,,,
1984-03-13 00:00:00,,,,,,
1984-03-14 00:00:00,,,,,,
1984-03-15 00:00:00,,,,,,
1984-03-16 00:00:00,,,,,,
1984-03-19 00:00:00,,,,,,
1984-03-20 00:00:00,,,,,,
1984-03-21 00:00:00,,,,,,
1984-03-22 00:00:00,,,,,,
1984-03-23 00:00:00,,,,,,
1984-03-26 00:00:00,,,,,,
1984-03-27 00:00:00,,,,,,
1984-03-28 00:00:00,,,,,,
1984-03-29 00:00:00,,,,,,
1984-03-30 00:00:00,,,,,,
1984-04-02 00:00:00,,,,,,
1984-04-03 00:00:00,,,,,,
1984-04-04 00:00:00,,,,,,
1984-04-05 00:00:00,,,,,,
1984-04-06 00:00:00,,,,,,
1984-04-09 00:00:00,,,,,,
1984-04-10 00:00:00,,,,,,
1984-04-11 00:00:00,,,,,,
1984-04-12 00:00:00,,,,,,
1984-04-13 00:00:00,,,,,,
1984-04-16 00:00:00,,,,,,
1984-04-17 00:00:00,,,,,,
1984-04-18 00:00:00,,,,,,
1984-04-19 00:00:00,,,,,,
1984-04-23 00:00:00,,,,,,
1984-04-24 00:00:00,,,,,,
1984-04-25 00:00:00,,,,,,
1984-04-26 00:00:00,,,,,,
1984-04-27 00:00:00,,,,,,
1984-04-30 00:00:00,,,,,,
1984-05-01 00:00:00,,,,,,
1984-05-02 00:00:00,,,,,,
1984-05-03 00:00:00,,,,,,
1984-05-04 00:00:00,,,,,,
1984-05-07 00:00:00,,,,,,
1984-05-08 00:00:00,,,,,,
1984-05-09 00:00:00,,,,,,
1984-05-10 00:00:00,,,,,,
1984-05-11 00:00:00,,,,,,
1984-05-14 00:00:00,,,,,,
1984-05-15 00:00:00,,,,,,
1984-05-16 00:00:00,,,,,,
1984-05-17 00:00:00,,,,,,
1984-05-18 00:00:00,,,,,,
1984-05-21 00:00:00,,,,,,
1984-05-22 00:00:00,,,,,,
1984-05-23 00:00:00,,,,,,
1984-05-24 00:00:00,,,,,,
1984-05-25 00:00:00,,,,,,
1984-05-29 00:00:00,,,,,,
1984-05-30 00:00:00,,,,,,
1984-05-31 00:00:00,,,,,,
1984-06-01 00:00:00,,,,,,
1984-06-04 00:00:00,,,,,,
1984-06-05 00:00:00,,,,,,
1984-06-06 00:00:00,,,,,,
1984-06-07 00:00:00,,,,,,
1984-06-08 00:00:00,,,,,,
1984-06-11 00:00:00,,,,,,
1984-06-12 00:00:00,,,,,,
1984-06-13 00:00:00,,,,,,
1984-06-14 00:00:00,,,,,,
1984-06-15 00:00:00,,,,,,
1984-06-18 00:00:00,,,,,,
1984-06-19 00:00:00,,,,,,
1984-06-20 00:00:00,,,,,,
1984-06-21 00:00:00,,,,,,
1984-06-22 00:00:00,,,,,,
1984-06-25 00:00:00,,,,,,
1984-06-26 00:00:00,,,,,,
1984-06-27 00:00:00,,,,,,
1984-06-28 00:00:00,,,,,,
1984-06-29 00:00:00,,,,,,
1984-07-02 00:00:00,,,,,,
1984-07-03 00:00:00,,,,,,
1984-07-05 00:00:00,,,,,,
1984-07-06 00:00:00,,,,,,
1984-07-09 00:00:00,,,,,,
1984-07-10 00:00:00,,,,,,
1984-07-11 00:00:00,,,,,,
1984-07-12 00:00:00,,,,,,
1984-07-13 00:00:00,,,,,,
1984-07-16 00:00:00,,,,,,
1984-07-17 00:00:00,,,,,,
1984-07-18 00:00:00,,,,,,
1984-07-19 00:00:00,,,,,,
1984-07-20 00:00:00,,,,,,
1984-07-23 00:00:00,,,,,,
1984-07-24 00:00:00,,,,,,
1984-07-25 00:00:00,,,,,,
1984-07-26 00:00:00,,,,,,
1984-07-27 00:00:00,,,,,,
1984-07-30 00:00:00,,,,,,
1984-07-31 00:00:00,,,,,,
1984-08-01 00:00:00,,,,,,
1984-08-02 00:00:00,,,,,,
1984-08-03 00:00:00,,,,,,
1984-08-06 00:00:00,,,,,,
1984-08-07 00:00:00,,,,,,
1984-08-08 00:00:00,,,,,,
1984-08-09 00:00:00,,,,,,
1984-08-10 00:00:00,,,,,,
1984-08-13 00:00:00,,,,,,
1984-08-14 00:00:00,,,,,,
1984-08-15 00:00:00,,,,,,
1984-08-16 00:00:00,,,,,,
1984-08-17 00:00:00,,,,,,
1984-08-20 00:00:00,,,,,,
1984-08-21 00:00:00,,,,,,
1984-08-22 00:00:00,,,,,,
1984-08-23 00:00:00,,,,,,
1984-08-24 00:00:00,,,,,,
1984-08-27 00:00:00,,,,,,
1984-08-28 00:00:00,,,,,,
1984-08-29 00:00:00,,,,,,
1984-08-30 00:00:00,,,,,,
1984-08-31 00:00:00,,,,,,
1984-09-04 00:00:00,,,,,,
1984-09-05 00:00:00,,,,,,
1984-09-06 00:00:00,,,,,,
1984-09-07 00:00:00,,,,,,
1984-09-10 00:00:00,,,,,,
1984-09-11 00:00:00,,,,,,
1984-09-12 00:00:00,,,,,,
1984-09-13 00:00:00,,,,,,
1984-09-14 00:00:00,,,,,,
1984-09-17 00:00:00,,,,,,
1984-09-18 00:00:00,,,,,,
1984-09-19 00:00:00,,,,,,
1984-09-20 00:00:00,,,,,,
1984-09-21 00:00:00,,,,,,
1984-09-24 00:00:00,,,,,,
1984-09-25 00:00:00,,,,,,
1984-09-26 00:00:00,,,,,,
1984-09-27 00:00:00,,,,,,
1984-09-28 00:00:00,,,,,,
1984-10-01 00:00:00,,,,,,
1984-10-02 00:00:00,,,,,,
1984-10-03 00:00:00,,,,,,
1984-10-04 00:00:00,,,,,,
1984-10-05 00:00:00,,,,,,
1984-10-08 00:00:00,,,,,,
1984-10-09 00:00:00,,,,,,
1984-10-10 00:00:00,,,,,,
1984-10-11 00:00:00,,,,,,
1984-10-12 00:00:00,,,,,,
1984-10-15 00:00:00,,,,,,
1984-10-16 00:00:00,,,,,,
1984-10-17 00:00:00,,,,,,
1984-10-18 00:00:00,,,,,,
1984-10-19 00:00:00,,,,,,
1984-10-22 00:00:00,,,,,,
1984-10-23 00:00:00,,,,,,
1984-10-24 00:00:00,,,,,,
1984-10-25 00:00:00,,,,,,
1984-10-26 00:00:00,,,,,,
1984-10-29 00:00:00,,,,,,
1984-10-30 00:00:00,,,,,,
1984-10-31 00:00:00,,,,,,
1984-11-01 00:00:00,,,,,,
1984-11-02 00:00:00,,,,,,
1984-11-05 00:00:00,,,,,,
1984-11-06 00:00:00,,,,,,
1984-11-07 00:00:00,,,,,,
1984-11-08 00:00:00,,,,,,
1984-11-09 00:00:00,,,,,,
1984-11-12 00:00:00,,,,,,
1984-11-13 00:00:00,,,,,,
1984-11-14 00:00:00,,,,,,
1984-11-15 00:00:00,,,,,,
1984-11-16 00:00:00,,,,,,
1984-11-19 00:00:00,,,,,,
1984-11-20 00:00:00,,,,,,
1984-11-21 00:00:00,,,,,,
1984-11-23 00:00:00,,,,,,
1984-11-26 00:00:00,,,,,,
1984-11-27 00:00:00,,,,,,
1984-11-28 00:00:00,,,,,,
1984-11-29 00:00:00,,,,,,
1984-11-30 00:00:00,,,,,,
1984-12-03 00:00:00,,,,,,
1984-12-04 00:00:00,,,,,,
1984-12-05 00:00:00,,,,,,
1984-12-06 00:00:00,,,,,,
1984-12-07 00:00:00,,,,,,
1984-12-10 00:00:00,,,,,,
1984-12-11 00:00:00,,,,,,
1984-12-12 00:00:00,,,,,,
1984-12-13 00:00:00,,,,,,
1984-12-14 00:00:00,,,,,,
1984-12-17 00:00:00,,,,,,
1984-12-18 00:00:00,,,,,,
1984-12-19 00:00:00,,,,,,
1984-12-20 00:00:00,,,,,,
1984-12-21 00:00:00,,,,,,
1984-12-24 00:00:00,,,,,,
1984-12-26 00:00:00,,,,,,
1984-12-27 00:00:00,,,,,,
1984-12-28 00:00:00,,,,,,
1984-12-31 00:00:00,,,,,,
1985-01-02 00:00:00,,,,,,
1985-01-03 00:00:00,,,,,,
1985-01-04 00:00:00,,,,,,
1985-01-07 00:00:00,,,,,,
1985-01-08 00:00:00,,,,,,
1985-01-09 00:00:00,,,,,,
1985-01-10 00:00:00,,,,,,
1985-01-11 00:00:00,,,,,,
1985-01-14 00:00:00,,,,,,
1985-01-15 00:00:00,,,,,,
1985-01-16 00:00:00,,,,,,
1985-01-17 00:00:00,,,,,,
1985-01-18 00:00:00,,,,,,
1985-01-21 00:00:00,,,,,,
1985-01-22 00:00:00,,,,,,
1985-01-23 00:00:00,,,,,,
1985-01-24 00:00:00,,,,,,
1985-01-25 00:00:00,,,,,,
1985-01-28 00:00:00,,,,,,
1985-01-29 00:00:00,,,,,,
1985-01-30 00:00:00,,,,,,
1985-01-31 00:00:00,,,,,,
1985-02-01 00:00:00,,,,,,
1985-02-04 00:00:00,,,,,,
1985-02-05 00:00:00,,,,,,
1985-02-06 00:00:00,,,,,,
1985-02-07 00:00:00,,,,,,
1985-02-08 00:00:00,,,,,,
1985-02-11 00:00:00,,,,,,
1985-02-12 00:00:00,,,,,,
1985-02-13 00:00:00,,,,,,
1985-02-14 00:00:00,,,,,,
1985-02-15 00:00:00,,,,,,
1985-02-19 00:00:00,,,,,,
1985-02-20 00:00:00,,,,,,
1985-02-21 00:00:00,,,,,,
1985-02-22 00:00:00,,,,,,
1985-02-25 00:00:00,,,,,,
1985-02-26 00:00:00,,,,,,
1985-02-27 00:00:00,,,,,,
1985-02-28 00:00:00,,,,,,
1985-03-01 00:00:00,,,,,,
1985-03-04 00:00:00,,,,,,
1985-03-05 00:00:00,,,,,,
1985-03-06 00:00:00,,,,,,
1985-03-07 00:00:00,,,,,,
1985-03-08 00:00:00,,,,,,
1985-03-11 00:00:00,,,,,,
1985-03-12 00:00:00,,,,,,
1985-03-13 00:00:00,,,,,,
1985-03-14 00:00:00,,,,,,
1985-03-15 00:00:00,,,,,,
1985-03-18 00:00:00,,,,,,
1985-03-19 00:00:00,,,,,,
1985-03-20 00:00:00,,,,,,
1985-03-21 00:00:00,,,,,,
1985-03-22 00:00:00,,,,,,
1985-03-25 00:00:00,,,,,,
1985-03-26 00:00:00,,,,,,
1985-03-27 00:00:00,,,,,,
1985-03-28 00:00:00,,,,,,
1985-03-29 00:00:00,,,,,,
1985-04-01 00:00:00,,,,,,
1985-04-02 00:00:00,,,,,,
1985-04-03 00:00:00,,,,,,
1985-04-04 00:00:00,,,,,,
1985-04-08 00:00:00,,,,,,
1985-04-09 00:00:00,,,,,,
1985-04-10 00:00:00,,,,,,
1985-04-11 00:00:00,,,,,,
1985-04-12 00:00:00,,,,,,
1985-04-15 00:00:00,,,,,,
1985-04-16 00:00:00,,,,,,
1985-04-17 00:00:00,,,,,,
1985-04-18 00:00:00,,,,,,
1985-04-19 00:00:00,,,,,,
1985-04-22 00:00:00,,,,,,
1985-04-23 00:00:00,,,,,,
1985-04-24 00:00:00,,,,,,
1985-04-25 00:00:00,,,,,,
1985-04-26 00:00:00,,,,,,
1985-04-29 00:00:00,,,,,,
1985-04-30 00:00:00,,,,,,
1985-05-01 00:00:00,,,,,,
1985-05-02 00:00:00,,,,,,
1985-05-03 00:00:00,,,,,,
1985-05-06 00:00:00,,,,,,
1985-05-07 00:00:00,,,,,,
1985-05-08 00:00:00,,,,,,
1985-05-09 00:00:00,,,,,,
1985-05-10 00:00:00,,,,,,
1985-05-13 00:00:00,,,,,,
1985-05-14 00:00:00,,,,,,
1985-05-15 00:00:00,,,,,,
1985-05-16 00:00:00,,,,,,
1985-05-17 00:00:00,,,,,,
1985-05-20 00:00:00,,,,,,
1985-05-21 00:00:00,,,,,,
1985-05-22 00:00:00,,,,,,
1985-05-23 00:00:00,,,,,,
1985-05-24 00:00:00,,,,,,
1985-05-28 00:00:00,,,,,,
1985-05-29 00:00:00,,,,,,
1985-05-30 00:00:00,,,,,,
1985-05-31 00:00:00,,,,,,
1985-06-03 00:00:00,,,,,,
1985-06-04 00:00:00,,,,,,
1985-06-05 00:00:00,,,,,,
1985-06-06 00:00:00,,,,,,
1985-06-07 00:00:00,,,,,,
1985-06-10 00:00:00,,,,,,
1985-06-11 00:00:00,,,,,,
1985-06-12 00:00:00,,,,,,
1985-06-13 00:00:00,,,,,,
1985-06-14 00:00:00,,,,,,
1985-06-17 00:00:00,,,,,,
1985-06-18 00:00:00,,,,,,
1985-06-19 00:00:00,,,,,,
1985-06-20 00:00:00,,,,,,
1985-06-21 00:00:00,,,,,,
1985-06-24 00:00:00,,,,,,
1985-06-25 00:00:00,,,,,,
1985-06-26 00:00:00,,,,,,
1985-06-27 00:00:00,,,,,,
1985-06-28 00:00:00,,,,,,
1985-07-01 00:00:00,,,,,,
1985-07-02 00:00:00,,,,,,
1985-07-03 00:00:00,,,,,,
1985-07-05 00:00:00,,,,,,
1985-07-08 00:00:00,,,,,,
1985-07-09 00:00:00,,,,,,
1985-07-10 00:00:00,,,,,,
1985-07-11 00:00:00,,,,,,
1985-07-12 00:00:00,,,,,,
1985-07-15 00:00:00,,,,,,
1985-07-16 00:00:00,,,,,,
1985-07-17 00:00:00,,,,,,
1985-07-18 00:00:00,,,,,,
1985-07-19 00:00:00,,,,,,
1985-07-22 00:00:00,,,,,,
1985-07-23 00:00:00,,,,,,
1985-07-24 00:00:00,,,,,,
1985-07-25 00:00:00,,,,,,
1985-07-26 00:00:00,,,,,,
1985-07-29 00:00:00,,,,,,
1985-07-30 00:00:00,,,,,,
1985-07-31 00:00:00,,,,,,
1985-08-01 00:00:00,,,,,,
1985-08-02 00:00:00,,,,,,
1985-08-05 00:00:00,,,,,,
1985-08-06 00:00:00,,,,,,
1985-08-07 00:00:00,,,,,,
1985-08-08 00:00:00,,,,,,
1985-08-09 00:00:00,,,,,,
1985-08-12 00:00:00,,,,,,
1985-08-13 00:00:00,,,,,,
1985-08-14 00:00:00,,,,,,
1985-08-15 00:00:00,,,,,,
1985-08-16 00:00:00,,,,,,
1985-08-19 00:00:00,,,,,,
1985-08-20 00:00:00,,,,,,
1985-08-21 00:00:00,,,,,,
1985-08-22 00:00:00,,,,,,
1985-08-23 00:00:00,,,,,,
1985-08-26 00:00:00,,,,,,
1985-08-27 00:00:00,,,,,,
1985-08-28 00:00:00,,,,,,
1985-08-29 00:00:00,,,,,,
1985-08-30 00:00:00,,,,,,
1985-09-03 00:00:00,,,,,,
1985-09-04 00:00:00,,,,,,
1985-09-05 00:00:00,,,,,,
1985-09-06 00:00:00,,,,,,
1985-09-09 00:00:00,,,,,,
1985-09-10 00:00:00,,,,,,
1985-09-11 00:00:00,,,,,,
1985-09-12 00:00:00,,,,,,
1985-09-13 00:00:00,,,,,,
1985-09-16 00:00:00,,,,,,
1985-09-17 00:00:00,,,,,,
1985-09-18 00:00:00,,,,,,
1985-09-19 00:00:00,,,,,,
1985-09-20 00:00:00,,,,,,
1985-09-23 00:00:00,,,,,,
1985-09-24 00:00:00,,,,,,
1985-09-25 00:00:00,,,,,,
1985-09-26 00:00:00,,,,,,
1985-09-30 00:00:00,,,,,,
1985-10-01 00:00:00,,,,,,
1985-10-02 00:00:00,,,,,,
1985-10-03 00:00:00,,,,,,
1985-10-04 00:00:00,,,,,,
1985-10-07 00:00:00,,,,,,
1985-10-08 00:00:00,,,,,,
1985-10-09 00:00:00,,,,,,
1985-10-10 00:00:00,,,,,,
1985-10-11 00:00:00,,,,,,
1985-10-14 00:00:00,,,,,,
1985-10-15 00:00:00,,,,,,
1985-10-16 00:00:00,,,,,,
1985-10-17 00:00:00,,,,,,
1985-10-18 00:00:00,,,,,,
1985-10-21 00:00:00,,,,,,
1985-10-22 00:00:00,,,,,,
1985-10-23 00:00:00,,,,,,
1985-10-24 00:00:00,,,,,,
1985-10-25 00:00:00,,,,,,
1985-10-28 00:00:00,,,,,,
1985-10-29 00:00:00,,,,,,
1985-10-30 00:00:00,,,,,,
1985-10-31 00:00:00,,,,,,
1985-11-01 00:00:00,,,,,,
1985-11-04 00:00:00,,,,,,
1985-11-05 00:00:00,,,,,,
1985-11-06 00:00:00,,,,,,
1985-11-07 00:00:00,,,,,,
1985-11-08 00:00:00,,,,,,
1985-11-11 00:00:00,,,,,,
1985-11-12 00:00:00,,,,,,
1985-11-13 00:00:00,,,,,,
1985-11-14 00:00:00,,,,,,
1985-11-15 00:00:00,,,,,,
1985-11-18 00:00:00,,,,,,
1985-11-19 00:00:00,,,,,,
1985-11-20 00:00:00,,,,,,
1985-11-21 00:00:00,,,,,,
1985-11-22 00:00:00,,,,,,
1985-11-25 00:00:00,,,,,,
1985-11-26 00:00:00,,,,,,
1985-11-27 00:00:00,,,,,,
1985-11-29 00:00:00,,,,,,
1985-12-02 00:00:00,,,,,,
1985-12-03 00:00:00,,,,,,
1985-12-04 00:00:00,,,,,,
1985-12-05 00:00:00,,,,,,
1985-12-06 00:00:00,,,,,,
1985-12-09 00:00:00,,,,,,
1985-12-10 00:00:00,,,,,,
1985-12-11 00:00:00,,,,,,
1985-12-12 00:00:00,,,,,,
1985-12-13 00:00:00,,,,,,
1985-12-16 00:00:00,,,,,,
1985-12-17 00:00:00,,,,,,
1985-12-18 00:00:00,,,,,,
1985-12-19 00:00:00,,,,,,
1985-12-20 00:00:00,,,,,,
1985-12-23 00:00:00,,,,,,
1985-12-24 00:00:00,,,,,,
1985-12-26 00:00:00,,,,,,
1985-12-27 00:00:00,,,,,,
1985-12-30 00:00:00,,,,,,
1985-12-31 00:00:00,,,,,,
1986-01-02 00:00:00,,,,,,
1986-01-03 00:00:00,,,,,,
1986-01-06 00:00:00,,,,,,
1986-01-07 00:00:00,,,,,,
1986-01-08 00:00:00,,,,,,
1986-01-09 00:00:00,,,,,,
1986-01-10 00:00:00,,,,,,
1986-01-13 00:00:00,,,,,,
1986-01-14 00:00:00,,,,,,
1986-01-15 00:00:00,,,,,,
1986-01-16 00:00:00,,,,,,
1986-01-17 00:00:00,,,,,,
1986-01-20 00:00:00,,,,,,
1986-01-21 00:00:00,,,,,,
1986-01-22 00:00:00,,,,,,
1986-01-23 00:00:00,,,,,,
1986-01-24 00:00:00,,,,,,
1986-01-27 00:00:00,,,,,,
1986-01-28 00:00:00,,,,,,
1986-01-29 00:00:00,,,,,,
1986-01-30 00:00:00,,,,,,
1986-01-31 00:00:00,,,,,,
1986-02-03 00:00:00,,,,,,
1986-02-04 00:00:00,,,,,,
1986-02-05 00:00:00,,,,,,
1986-02-06 00:00:00,,,,,,
1986-02-07 00:00:00,,,,,,
1986-02-10 00:00:00,,,,,,
1986-02-11 00:00:00,,,,,,
1986-02-12 00:00:00,,,,,,
1986-02-13 00:00:00,,,,,,
1986-02-14 00:00:00,,,,,,
1986-02-18 00:00:00,,,,,,
1986-02-19 00:00:00,,,,,,
1986-02-20 00:00:00,,,,,,
1986-02-21 00:00:00,,,,,,
1986-02-24 00:00:00,,,,,,
1986-02-25 00:00:00,,,,,,
1986-02-26 00:00:00,,,,,,
1986-02-27 00:00:00,,,,,,
1986-02-28 00:00:00,,,,,,
1986-03-03 00:00:00,,,,,,
1986-03-04 00:00:00,,,,,,
1986-03-05 00:00:00,,,,,,
1986-03-06 00:00:00,,,,,,
1986-03-07 00:00:00,,,,,,
1986-03-10 00:00:00,,,,,,
1986-03-11 00:00:00,,,,,,
1986-03-12 00:00:00,,,,,,
1986-03-13 00:00:00,,,,,,
1986-03-14 00:00:00,,,,,,
1986-03-17 00:00:00,,,,,,
1986-03-18 00:00:00,,,,,,
1986-03-19 00:00:00,,,,,,
1986-03-20 00:00:00,,,,,,
1986-03-21 00:00:00,,,,,,
1986-03-24 00:00:00,,,,,,
1986-03-25 00:00:00,,,,,,
1986-03-26 00:00:00,,,,,,
1986-03-27 00:00:00,,,,,,
1986-03-31 00:00:00,,,,,,
1986-04-01 00:00:00,,,,,,
1986-04-02 00:00:00,,,,,,
1986-04-03 00:00:00,,,,,,
1986-04-04 00:00:00,,,,,,
1986-04-07 00:00:00,,,,,,
1986-04-08 00:00:00,,,,,,
1986-04-09 00:00:00,,,,,,
1986-04-10 00:00:00,,,,,,
1986-04-11 00:00:00,,,,,,
1986-04-14 00:00:00,,,,,,
1986-04-15 00:00:00,,,,,,
1986-04-16 00:00:00,,,,,,
1986-04-17 00:00:00,,,,,,
1986-04-18 00:00:00,,,,,,
1986-04-21 00:00:00,,,,,,
1986-04-22 00:00:00,,,,,,
1986-04-23 00:00:00,,,,,,
1986-04-24 00:00:00,,,,,,
1986-04-25 00:00:00,,,,,,
1986-04-28 00:00:00,,,,,,
1986-04-29 00:00:00,,,,,,
1986-04-30 00:00:00,,,,,,
1986-05-01 00:00:00,,,,,,
1986-05-02 00:00:00,,,,,,
1986-05-05 00:00:00,,,,,,
1986-05-06 00:00:00,,,,,,
1986-05-07 00:00:00,,,,,,
1986-05-08 00:00:00,,,,,,
1986-05-09 00:00:00,,,,,,
1986-05-12 00:00:00,,,,,,
1986-05-13 00:00:00,,,,,,
1986-05-14 00:00:00,,,,,,
1986-05-15 00:00:00,,,,,,
1986-05-16 00:00:00,,,,,,
1986-05-19 00:00:00,,,,,,
1986-05-20 00:00:00,,,,,,
1986-05-21 00:00:00,,,,,,
1986-05-22 00:00:00,,,,,,
1986-05-23 00:00:00,,,,,,
1986-05-27 00:00:00,,,,,,
1986-05-28 00:00:00,,,,,,
1986-05-29 00:00:00,,,,,,
1986-05-30 00:00:00,,,,,,
1986-06-02 00:00:00,,,,,,
1986-06-03 00:00:00,,,,,,
1986-06-04 00:00:00,,,,,,
1986-06-05 00:00:00,,,,,,
1986-06-06 00:00:00,,,,,,
1986-06-09 00:00:00,,,,,,
1986-06-10 00:00:00,,,,,,
1986-06-11 00:00:00,,,,,,
1986-06-12 00:00:00,,,,,,
1986-06-13 00:00:00,,,,,,
1986-06-16 00:00:00,,,,,,
1986-06-17 00:00:00,,,,,,
1986-06-18 00:00:00,,,,,,
1986-06-19 00:00:00,,,,,,
1986-06-20 00:00:00,,,,,,
1986-06-23 00:00:00,,,,,,
1986-06-24 00:00:00,,,,,,
1986-06-25 00:00:00,,,,,,
1986-06-26 00:00:00,,,,,,
1986-06-27 00:00:00,,,,,,
1986-06-30 00:00:00,,,,,,
1986-07-01 00:00:00,,,,,,
1986-07-02 00:00:00,,,,,,
1986-07-03 00:00:00,,,,,,
1986-07-07 00:00:00,,,,,,
1986-07-08 00:00:00,,,,,,
1986-07-09 00:00:00,,,,,,
1986-07-10 00:00:00,,,,,,
1986-07-11 00:00:00,,,,,,
1986-07-14 00:00:00,,,,,,
1986-07-15 00:00:00,,,,,,
1986-07-16 00:00:00,,,,,,
1986-07-17 00:00:00,,,,,,
1986-07-18 00:00:00,,,,,,
1986-07-21 00:00:00,,,,,,
1986-07-22 00:00:00,,,,,,
1986-07-23 00:00:00,,,,,,
1986-07-24 00:00:00,,,,,,
1986-07-25 00:00:00,,,,,,
1986-07-28 00:00:00,,,,,,
1986-07-29 00:00:00,,,,,,
1986-07-30 00:00:00,,,,,,
1986-07-31 00:00:00,,,,,,
1986-08-01 00:00:00,,,,,,
1986-08-04 00:00:00,,,,,,
1986-08-05 00:00:00,,,,,,
1986-08-06 00:00:00,,,,,,
1986-08-07 00:00:00,,,,,,
1986-08-08 00:00:00,,,,,,
1986-08-11 00:00:00,,,,,,
1986-08-12 00:00:00,,,,,,
1986-08-13 00:00:00,,,,,,
1986-08-14 00:00:00,,,,,,
1986-08-15 00:00:00,,,,,,
1986-08-18 00:00:00,,,,,,
1986-08-19 00:00:00,,,,,,
1986-08-20 00:00:00,,,,,,
1986-08-21 00:00:00,,,,,,
1986-08-22 00:00:00,,,,,,
1986-08-25 00:00:00,,,,,,
1986-08-26 00:00:00,,,,,,
1986-08-27 00:00:00,,,,,,
1986-08-28 00:00:00,,,,,,
1986-08-29 00:00:00,,,,,,
1986-09-02 00:00:00,,,,,,
1986-09-03 00:00:00,,,,,,
1986-09-04 00:00:00,,,,,,
1986-09-05 00:00:00,,,,,,
1986-09-08 00:00:00,,,,,,
1986-09-09 00:00:00,,,,,,
1986-09-10 00:00:00,,,,,,
1986-09-11 00:00:00,,,,,,
1986-09-12 00:00:00,,,,,,
1986-09-15 00:00:00,,,,,,
1986-09-16 00:00:00,,,,,,
1986-09-17 00:00:00,,,,,,
1986-09-18 00:00:00,,,,,,
1986-09-19 00:00:00,,,,,,
1986-09-22 00:00:00,,,,,,
1986-09-23 00:00:00,,,,,,
1986-09-24 00:00:00,,,,,,
1986-09-25 00:00:00,,,,,,
1986-09-26 00:00:00,,,,,,
1986-09-29 00:00:00,,,,,,
1986-09-30 00:00:00,,,,,,
1986-10-01 00:00:00,,,,,,
1986-10-02 00:00:00,,,,,,
1986-10-03 00:00:00,,,,,,
1986-10-06 00:00:00,,,,,,
1986-10-07 00:00:00,,,,,,
1986-10-08 00:00:00,,,,,,
1986-10-09 00:00:00,,,,,,
1986-10-10 00:00:00,,,,,,
1986-10-13 00:00:00,,,,,,
1986-10-14 00:00:00,,,,,,
1986-10-15 00:00:00,,,,,,
1986-10-16 00:00:00,,,,,,
1986-10-17 00:00:00,,,,,,
1986-10-20 00:00:00,,,,,,
1986-10-21 00:00:00,,,,,,
1986-10-22 00:00:00,,,,,,
1986-10-23 00:00:00,,,,,,
1986-10-24 00:00:00,,,,,,
1986-10-27 00:00:00,,,,,,
1986-10-28 00:00:00,,,,,,
1986-10-29 00:00:00,,,,,,
1986-10-30 00:00:00,,,,,,
1986-10-31 00:00:00,,,,,,
1986-11-03 00:00:00,,,,,,
1986-11-04 00:00:00,,,,,,
1986-11-05 00:00:00,,,,,,
1986-11-06 00:00:00,,,,,,
1986-11-07 00:00:00,,,,,,
1986-11-10 00:00:00,,,,,,
1986-11-11 00:00:00,,,,,,
1986-11-12 00:00:00,,,,,,
1986-11-13 00:00:00,,,,,,
1986-11-14 00:00:00,,,,,,
1986-11-17 00:00:00,,,,,,
1986-11-18 00:00:00,,,,,,
1986-11-19 00:00:00,,,,,,
1986-11-20 00:00:00,,,,,,
1986-11-21 00:00:00,,,,,,
1986-11-24 00:00:00,,,,,,
1986-11-25 00:00:00,,,,,,
1986-11-26 00:00:00,,,,,,
1986-11-28 00:00:00,,,,,,
1986-12-01 00:00:00,,,,,,
1986-12-02 00:00:00,,,,,,
1986-12-03 00:00:00,,,,,,
1986-12-04 00:00:00,,,,,,
1986-12-05 00:00:00,,,,,,
1986-12-08 00:00:00,,,,,,
1986-12-09 00:00:00,,,,,,
1986-12-10 00:00:00,,,,,,
1986-12-11 00:00:00,,,,,,
1986-12-12 00:00:00,,,,,,
1986-12-15 00:00:00,,,,,,
1986-12-16 00:00:00,,,,,,
1986-12-17 00:00:00,,,,,,
1986-12-18 00:00:00,,,,,,
1986-12-19 00:00:00,,,,,,
1986-12-22 00:00:00,,,,,,
1986-12-23 00:00:00,,,,,,
1986-12-24 00:00:00,,,,,,
1986-12-26 00:00:00,,,,,,
1986-12-29 00:00:00,,,,,,
1986-12-30 00:00:00,,,,,,
1986-12-31 00:00:00,,,,,,
1987-01-02 00:00:00,,,,,,
1987-01-05 00:00:00,,,,,,
1987-01-06 00:00:00,,,,,,
1987-01-07 00:00:00,,,,,,
1987-01-08 00:00:00,,,,,,
1987-01-09 00:00:00,,,,,,
1987-01-12 00:00:00,,,,,,
1987-01-13 00:00:00,,,,,,
1987-01-14 00:00:00,,,,,,
1987-01-15 00:00:00,,,,,,
1987-01-16 00:00:00,,,,,,
1987-01-19 00:00:00,,,,,,
1987-01-20 00:00:00,,,,,,
1987-01-21 00:00:00,,,,,,
1987-01-22 00:00:00,,,,,,
1987-01-23 00:00:00,,,,,,
1987-01-26 00:00:00,,,,,,
1987-01-27 00:00:00,,,,,,
1987-01-28 00:00:00,,,,,,
1987-01-29 00:00:00,,,,,,
1987-01-30 00:00:00,,,,,,
1987-02-02 00:00:00,,,,,,
1987-02-03 00:00:00,,,,,,
1987-02-04 00:00:00,,,,,,
1987-02-05 00:00:00,,,,,,
1987-02-06 00:00:00,,,,,,
1987-02-09 00:00:00,,,,,,
1987-02-10 00:00:00,,,,,,
1987-02-11 00:00:00,,,,,,
1987-02-12 00:00:00,,,,,,
1987-02-13 00:00:00,,,,,,
1987-02-17 00:00:00,,,,,,
1987-02-18 00:00:00,,,,,,
1987-02-19 00:00:00,,,,,,
1987-02-20 00:00:00,,,,,,
1987-02-23 00:00:00,,,,,,
1987-02-24 00:00:00,,,,,,
1987-02-25 00:00:00,,,,,,
1987-02-26 00:00:00,,,,,,
1987-02-27 00:00:00,,,,,,
1987-03-02 00:00:00,,,,,,
1987-03-03 00:00:00,,,,,,
1987-03-04 00:00:00,,,,,,
1987-03-05 00:00:00,,,,,,
1987-03-06 00:00:00,,,,,,
1987-03-09 00:00:00,,,,,,
1987-03-10 00:00:00,,,,,,
1987-03-11 00:00:00,,,,,,
1987-03-12 00:00:00,,,,,,
1987-03-13 00:00:00,,,,,,
1987-03-16 00:00:00,,,,,,
1987-03-17 00:00:00,,,,,,
1987-03-18 00:00:00,,,,,,
1987-03-19 00:00:00,,,,,,
1987-03-20 00:00:00,,,,,,
1987-03-23 00:00:00,,,,,,
1987-03-24 00:00:00,,,,,,
1987-03-25 00:00:00,,,,,,
1987-03-26 00:00:00,,,,,,
1987-03-27 00:00:00,,,,,,
1987-03-30 00:00:00,,,,,,
1987-03-31 00:00:00,,,,,,
1987-04-01 00:00:00,,,,,,
1987-04-02 00:00:00,,,,,,
1987-04-03 00:00:00,,,,,,
1987-04-06 00:00:00,,,,,,
1987-04-07 00:00:00,,,,,,
1987-04-08 00:00:00,,,,,,
1987-04-09 00:00:00,,,,,,
1987-04-10 00:00:00,,,,,,
1987-04-13 00:00:00,,,,,,
1987-04-14 00:00:00,,,,,,
1987-04-15 00:00:00,,,,,,
1987-04-16 00:00:00,,,,,,
1987-04-20 00:00:00,,,,,,
1987-04-21 00:00:00,,,,,,
1987-04-22 00:00:00,,,,,,
1987-04-23 00:00:00,,,,,,
1987-04-24 00:00:00,,,,,,
1987-04-27 00:00:00,,,,,,
1987-04-28 00:00:00,,,,,,
1987-04-29 00:00:00,,,,,,
1987-04-30 00:00:00,,,,,,
1987-05-01 00:00:00,,,,,,
1987-05-04 00:00:00,,,,,,
1987-05-05 00:00:00,,,,,,
1987-05-06 00:00:00,,,,,,
1987-05-07 00:00:00,,,,,,
1987-05-08 00:00:00,,,,,,
1987-05-11 00:00:00,,,,,,
1987-05-12 00:00:00,,,,,,
1987-05-13 00:00:00,,,,,,
1987-05-14 00:00:00,,,,,,
1987-05-15 00:00:00,,,,,,
1987-05-18 00:00:00,,,,,,
1987-05-19 00:00:00,,,,,,
1987-05-20 00:00:00,,,,,,
1987-05-21 00:00:00,,,,,,
1987-05-22 00:00:00,,,,,,
1987-05-26 00:00:00,,,,,,
1987-05-27 00:00:00,,,,,,
1987-05-28 00:00:00,,,,,,
1987-05-29 00:00:00,,,,,,
1987-06-01 00:00:00,,,,,,
1987-06-02 00:00:00,,,,,,
1987-06-03 00:00:00,,,,,,
1987-06-04 00:00:00,,,,,,
1987-06-05 00:00:00,,,,,,
1987-06-08 00:00:00,,,,,,
1987-06-09 00:00:00,,,,,,
1987-06-10 00:00:00,,,,,,
1987-06-11 00:00:00,,,,,,
1987-06-12 00:00:00,,,,,,
1987-06-15 00:00:00,,,,,,
1987-06-16 00:00:00,,,,,,
1987-06-17 00:00:00,,,,,,
1987-06-18 00:00:00,,,,,,
1987-06-19 00:00:00,,,,,,
1987-06-22 00:00:00,,,,,,
1987-06-23 00:00:00,,,,,,
1987-06-24 00:00:00,,,,,,
1987-06-25 00:00:00,,,,,,
1987-06-26 00:00:00,,,,,,
1987-06-29 00:00:00,,,,,,
1987-06-30 00:00:00,,,,,,
1987-07-01 00:00:00,,,,,,
1987-07-02 00:00:00,,,,,,
1987-07-06 00:00:00,,,,,,
1987-07-07 00:00:00,,,,,,
1987-07-08 00:00:00,,,,,,
1987-07-09 00:00:00,,,,,,
1987-07-10 00:00:00,,,,,,
1987-07-13 00:00:00,,,,,,
1987-07-14 00:00:00,,,,,,
1987-07-15 00:00:00,,,,,,
1987-07-16 00:00:00,,,,,,
1987-07-17 00:00:00,,,,,,
1987-07-20 00:00:00,,,,,,
1987-07-21 00:00:00,,,,,,
1987-07-22 00:00:00,,,,,,
1987-07-23 00:00:00,,,,,,
1987-07-24 00:00:00,,,,,,
1987-07-27 00:00:00,,,,,,
1987-07-28 00:00:00,,,,,,
1987-07-29 00:00:00,,,,,,
1987-07-30 00:00:00,,,,,,
1987-07-31 00:00:00,,,,,,
1987-08-03 00:00:00,,,,,,
1987-08-04 00:00:00,,,,,,
1987-08-05 00:00:00,,,,,,
1987-08-06 00:00:00,,,,,,
1987-08-07 00:00:00,,,,,,
1987-08-10 00:00:00,,,,,,
1987-08-11 00:00:00,,,,,,
1987-08-12 00:00:00,,,,,,
1987-08-13 00:00:00,,,,,,
1987-08-14 00:00:00,,,,,,
1987-08-17 00:00:00,,,,,,
1987-08-18 00:00:00,,,,,,
1987-08-19 00:00:00,,,,,,
1987-08-20 00:00:00,,,,,,
1987-08-21 00:00:00,,,,,,
1987-08-24 00:00:00,,,,,,
1987-08-25 00:00:00,,,,,,
1987-08-26 00:00:00,,,,,,
1987-08-27 00:00:00,,,,,,
1987-08-28 00:00:00,,,,,,
1987-08-31 00:00:00,,,,,,
1987-09-01 00:00:00,,,,,,
1987-09-02 00:00:00,,,,,,
1987-09-03 00:00:00,,,,,,
1987-09-04 00:00:00,,,,,,
1987-09-08 00:00:00,,,,,,
1987-09-09 00:00:00,,,,,,
1987-09-10 00:00:00,,,,,,
1987-09-11 00:00:00,,,,,,
1987-09-14 00:00:00,,,,,,
1987-09-15 00:00:00,,,,,,
1987-09-16 00:00:00,,,,,,
1987-09-17 00:00:00,,,,,,
1987-09-18 00:00:00,,,,,,
1987-09-21 00:00:00,,,,,,
1987-09-22 00:00:00,,,,,,
1987-09-23 00:00:00,,,,,,
1987-09-24 00:00:00,,,,,,
1987-09-25 00:00:00,,,,,,
1987-09-28 00:00:00,,,,,,
1987-09-29 00:00:00,,,,,,
1987-09-30 00:00:00,,,,,,
1987-10-01 00:00:00,,,,,,
1987-10-02 00:00:00,,,,,,
1987-10-05 00:00:00,,,,,,
1987-10-06 00:00:00,,,,,,
1987-10-07 00:00:00,,,,,,
1987-10-08 00:00:00,,,,,,
1987-10-09 00:00:00,,,,,,
1987-10-12 00:00:00,,,,,,
1987-10-13 00:00:00,,,,,,
1987-10-14 00:00:00,,,,,,
1987-10-15 00:00:00,,,,,,
1987-10-16 00:00:00,,,,,,
1987-10-19 00:00:00,,,,,,
1987-10-20 00:00:00,,,,,,
1987-10-21 00:00:00,,,,,,
1987-10-22 00:00:00,,,,,,
1987-10-23 00:00:00,,,,,,
1987-10-26 00:00:00,,,,,,
1987-10-27 00:00:00,,,,,,
1987-10-28 00:00:00,,,,,,
1987-10-29 00:00:00,,,,,,
1987-10-30 00:00:00,,,,,,
1987-11-02 00:00:00,,,,,,
1987-11-03 00:00:00,,,,,,
1987-11-04 00:00:00,,,,,,
1987-11-05 00:00:00,,,,,,
1987-11-06 00:00:00,,,,,,
1987-11-09 00:00:00,,,,,,
1987-11-10 00:00:00,,,,,,
1987-11-11 00:00:00,,,,,,
1987-11-12 00:00:00,,,,,,
1987-11-13 00:00:00,,,,,,
1987-11-16 00:00:00,,,,,,
1987-11-17 00:00:00,,,,,,
1987-11-18 00:00:00,,,,,,
1987-11-19 00:00:00,,,,,,
1987-11-20 00:00:00,,,,,,
1987-11-23 00:00:00,,,,,,
1987-11-24 00:00:00,,,,,,
1987-11-25 00:00:00,,,,,,
1987-11-27 00:00:00,,,,,,
1987-11-30 00:00:00,,,,,,
1987-12-01 00:00:00,,,,,,
1987-12-02 00:00:00,,,,,,
1987-12-03 00:00:00,,,,,,
1987-12-04 00:00:00,,,,,,
1987-12-07 00:00:00,,,,,,
1987-12-08 00:00:00,,,,,,
1987-12-09 00:00:00,,,,,,
1987-12-10 00:00:00,,,,,,
1987-12-11 00:00:00,,,,,,
1987-12-14 00:00:00,,,,,,
1987-12-15 00:00:00,,,,,,
1987-12-16 00:00:00,,,,,,
1987-12-17 00:00:00,,,,,,
1987-12-18 00:00:00,,,,,,
1987-12-21 00:00:00,,,,,,
1987-12-22 00:00:00,,,,,,
1987-12-23 00:00:00,,,,,,
1987-12-24 00:00:00,,,,,,
1987-12-28 00:00:00,,,,,,
1987-12-29 00:00:00,,,,,,
1987-12-30 00:00:00,,,,,,
1987-12-31 00:00:00,,,,,,
1988-01-04 00:00:00,,,,,,
1988-01-05 00:00:00,,,,,,
1988-01-06 00:00:00,,,,,,
1988-01-07 00:00:00,,,,,,
1988-01-08 00:00:00,,,,,,
1988-01-11 00:00:00,,,,,,
1988-01-12 00:00:00,,,,,,
1988-01-13 00:00:00,,,,,,
1988-01-14 00:00:00,,,,,,
1988-01-15 00:00:00,,,,,,
1988-01-18 00:00:00,,,,,,
1988-01-19 00:00:00,,,,,,
1988-01-20 00:00:00,,,,,,
1988-01-21 00:00:00,,,,,,
1988-01-22 00:00:00,,,,,,
1988-01-25 00:00:00,,,,,,
1988-01-26 00:00:00,,,,,,
1988-01-27 00:00:00,,,,,,
1988-01-28 00:00:00,,,,,,
1988-01-29 00:00:00,,,,,,
1988-02-01 00:00:00,,,,,,
1988-02-02 00:00:00,,,,,,
1988-02-03 00:00:00,,,,,,
1988-02-04 00:00:00,,,,,,
1988-02-05 00:00:00,,,,,,
1988-02-08 00:00:00,,,,,,
1988-02-09 00:00:00,,,,,,
1988-02-10 00:00:00,,,,,,
1988-02-11 00:00:00,,,,,,
1988-02-12 00:00:00,,,,,,
1988-02-16 00:00:00,,,,,,
1988-02-17 00:00:00,,,,,,
1988-02-18 00:00:00,,,,,,
1988-02-19 00:00:00,,,,,,
1988-02-22 00:00:00,,,,,,
1988-02-23 00:00:00,,,,,,
1988-02-24 00:00:00,,,,,,
1988-02-25 00:00:00,,,,,,
1988-02-26 00:00:00,,,,,,
1988-02-29 00:00:00,,,,,,
1988-03-01 00:00:00,,,,,,
1988-03-02 00:00:00,,,,,,
1988-03-03 00:00:00,,,,,,
1988-03-04 00:00:00,,,,,,
1988-03-07 00:00:00,,,,,,
1988-03-08 00:00:00,,,,,,
1988-03-09 00:00:00,,,,,,
1988-03-10 00:00:00,,,,,,
1988-03-11 00:00:00,,,,,,
1988-03-14 00:00:00,,,,,,
1988-03-15 00:00:00,,,,,,
1988-03-16 00:00:00,,,,,,
1988-03-17 00:00:00,,,,,,
1988-03-18 00:00:00,,,,,,
1988-03-21 00:00:00,,,,,,
1988-03-22 00:00:00,,,,,,
1988-03-23 00:00:00,,,,,,
1988-03-24 00:00:00,,,,,,
1988-03-25 00:00:00,,,,,,
1988-03-28 00:00:00,,,,,,
1988-03-29 00:00:00,,,,,,
1988-03-30 00:00:00,,,,,,
1988-03-31 00:00:00,,,,,,
1988-04-04 00:00:00,,,,,,
1988-04-05 00:00:00,,,,,,
1988-04-06 00:00:00,,,,,,
1988-04-07 00:00:00,,,,,,
1988-04-08 00:00:00,,,,,,
1988-04-11 00:00:00,,,,,,
1988-04-12 00:00:00,,,,,,
1988-04-13 00:00:00,,,,,,
1988-04-14 00:00:00,,,,,,
1988-04-15 00:00:00,,,,,,
1988-04-18 00:00:00,,,,,,
1988-04-19 00:00:00,,,,,,
1988-04-20 00:00:00,,,,,,
1988-04-21 00:00:00,,,,,,
1988-04-22 00:00:00,,,,,,
1988-04-25 00:00:00,,,,,,
1988-04-26 00:00:00,,,,,,
1988-04-27 00:00:00,,,,,,
1988-04-28 00:00:00,,,,,,
1988-04-29 00:00:00,,,,,,
1988-05-02 00:00:00,,,,,,
1988-05-03 00:00:00,,,,,,
1988-05-04 00:00:00,,,,,,
1988-05-05 00:00:00,,,,,,
1988-05-06 00:00:00,,,,,,
1988-05-09 00:00:00,,,,,,
1988-05-10 00:00:00,,,,,,
1988-05-11 00:00:00,,,,,,
1988-05-12 00:00:00,,,,,,
1988-05-13 00:00:00,,,,,,
1988-05-16 00:00:00,,,,,,
1988-05-17 00:00:00,,,,,,
1988-05-18 00:00:00,,,,,,
1988-05-19 00:00:00,,,,,,
1988-05-20 00:00:00,,,,,,
1988-05-23 00:00:00,,,,,,
1988-05-24 00:00:00,,,,,,
1988-05-25 00:00:00,,,,,,
1988-05-26 00:00:00,,,,,,
1988-05-27 00:00:00,,,,,,
1988-05-31 00:00:00,,,,,,
1988-06-01 00:00:00,,,,,,
1988-06-02 00:00:00,,,,,,
1988-06-03 00:00:00,,,,,,
1988-06-06 00:00:00,,,,,,
1988-06-07 00:00:00,,,,,,
1988-06-08 00:00:00,,,,,,
1988-06-09 00:00:00,,,,,,
1988-06-10 00:00:00,,,,,,
1988-06-13 00:00:00,,,,,,
1988-06-14 00:00:00,,,,,,
1988-06-15 00:00:00,,,,,,
1988-06-16 00:00:00,,,,,,
1988-06-17 00:00:00,,,,,,
1988-06-20 00:00:00,,,,,,
1988-06-21 00:00:00,,,,,,
1988-06-22 00:00:00,,,,,,
1988-06-23 00:00:00,,,,,,
1988-06-24 00:00:00,,,,,,
1988-06-27 00:00:00,,,,,,
1988-06-28 00:00:00,,,,,,
1988-06-29 00:00:00,,,,,,
1988-06-30 00:00:00,,,,,,
1988-07-01 00:00:00,,,,,,
1988-07-05 00:00:00,,,,,,
1988-07-06 00:00:00,,,,,,
1988-07-07 00:00:00,,,,,,
1988-07-08 00:00:00,,,,,,
1988-07-11 00:00:00,,,,,,
1988-07-12 00:00:00,,,,,,
1988-07-13 00:00:00,,,,,,
1988-07-14 00:00:00,,,,,,
1988-07-15 00:00:00,,,,,,
1988-07-18 00:00:00,,,,,,
1988-07-19 00:00:00,,,,,,
1988-07-20 00:00:00,,,,,,
1988-07-21 00:00:00,,,,,,
1988-07-22 00:00:00,,,,,,
1988-07-25 00:00:00,,,,,,
1988-07-26 00:00:00,,,,,,
1988-07-27 00:00:00,,,,,,
1988-07-28 00:00:00,,,,,,
1988-07-29 00:00:00,,,,,,
1988-08-01 00:00:00,,,,,,
1988-08-02 00:00:00,,,,,,
1988-08-03 00:00:00,,,,,,
1988-08-04 00:00:00,,,,,,
1988-08-05 00:00:00,,,,,,
1988-08-08 00:00:00,,,,,,
1988-08-09 00:00:00,,,,,,
1988-08-10 00:00:00,,,,,,
1988-08-11 00:00:00,,,,,,
1988-08-12 00:00:00,,,,,,
1988-08-15 00:00:00,,,,,,
1988-08-16 00:00:00,,,,,,
1988-08-17 00:00:00,,,,,,
1988-08-18 00:00:00,,,,,,
1988-08-19 00:00:00,,,,,,
1988-08-22 00:00:00,,,,,,
1988-08-23 00:00:00,,,,,,
1988-08-24 00:00:00,,,,,,
1988-08-25 00:00:00,,,,,,
1988-08-26 00:00:00,,,,,,
1988-08-29 00:00:00,,,,,,
1988-08-30 00:00:00,,,,,,
1988-08-31 00:00:00,,,,,,
1988-09-01 00:00:00,,,,,,
1988-09-02 00:00:00,,,,,,
1988-09-06 00:00:00,,,,,,
1988-09-07 00:00:00,,,,,,
1988-09-08 00:00:00,,,,,,
1988-09-09 00:00:00,,,,,,
1988-09-12 00:00:00,,,,,,
1988-09-13 00:00:00,,,,,,
1988-09-14 00:00:00,,,,,,
1988-09-15 00:00:00,,,,,,
1988-09-16 00:00:00,,,,,,
1988-09-19 00:00:00,,,,,,
1988-09-20 00:00:00,,,,,,
1988-09-21 00:00:00,,,,,,
1988-09-22 00:00:00,,,,,,
1988-09-23 00:00:00,,,,,,
1988-09-26 00:00:00,,,,,,
1988-09-27 00:00:00,,,,,,
1988-09-28 00:00:00,,,,,,
1988-09-29 00:00:00,,,,,,
1988-09-30 00:00:00,,,,,,
1988-10-03 00:00:00,,,,,,
1988-10-04 00:00:00,,,,,,
1988-10-05 00:00:00,,,,,,
1988-10-06 00:00:00,,,,,,
1988-10-07 00:00:00,,,,,,
1988-10-10 00:00:00,,,,,,
1988-10-11 00:00:00,,,,,,
1988-10-12 00:00:00,,,,,,
1988-10-13 00:00:00,,,,,,
1988-10-14 00:00:00,,,,,,
1988-10-17 00:00:00,,,,,,
1988-10-18 00:00:00,,,,,,
1988-10-19 00:00:00,,,,,,
1988-10-20 00:00:00,,,,,,
1988-10-21 00:00:00,,,,,,
1988-10-24 00:00:00,,,,,,
1988-10-25 00:00:00,,,,,,
1988-10-26 00:00:00,,,,,,
1988-10-27 00:00:00,,,,,,
1988-10-28 00:00:00,,,,,,
1988-10-31 00:00:00,,,,,,
1988-11-01 00:00:00,,,,,,
1988-11-02 00:00:00,,,,,,
1988-11-03 00:00:00,,,,,,
1988-11-04 00:00:00,,,,,,
1988-11-07 00:00:00,,,,,,
1988-11-08 00:00:00,,,,,,
1988-11-09 00:00:00,,,,,,
1988-11-10 00:00:00,,,,,,
1988-11-11 00:00:00,,,,,,
1988-11-14 00:00:00,,,,,,
1988-11-15 00:00:00,,,,,,
1988-11-16 00:00:00,,,,,,
1988-11-17 00:00:00,,,,,,
1988-11-18 00:00:00,,,,,,
1988-11-21 00:00:00,,,,,,
1988-11-22 00:00:00,,,,,,
1988-11-23 00:00:00,,,,,,
1988-11-25 00:00:00,,,,,,
1988-11-28 00:00:00,,,,,,
1988-11-29 00:00:00,,,,,,
1988-11-30 00:00:00,,,,,,
1988-12-01 00:00:00,,,,,,
1988-12-02 00:00:00,,,,,,
1988-12-05 00:00:00,,,,,,
1988-12-06 00:00:00,,,,,,
1988-12-07 00:00:00,,,,,,
1988-12-08 00:00:00,,,,,,
1988-12-09 00:00:00,,,,,,
1988-12-12 00:00:00,,,,,,
1988-12-13 00:00:00,,,,,,
1988-12-14 00:00:00,,,,,,
1988-12-15 00:00:00,,,,,,
1988-12-16 00:00:00,,,,,,
1988-12-19 00:00:00,,,,,,
1988-12-20 00:00:00,,,,,,
1988-12-21 00:00:00,,,,,,
1988-12-22 00:00:00,,,,,,
1988-12-23 00:00:00,,,,,,
1988-12-26 00:00:00,,,,,,
1988-12-27 00:00:00,,,,,,
1988-12-28 00:00:00,,,,,,
1988-12-29 00:00:00,,,,,,
1988-12-30 00:00:00,,,,,,
1989-01-03 00:00:00,,,,,,
1989-01-04 00:00:00,,,,,,
1989-01-05 00:00:00,,,,,,
1989-01-06 00:00:00,,,,,,
1989-01-09 00:00:00,,,,,,
1989-01-10 00:00:00,,,,,,
1989-01-11 00:00:00,,,,,,
1989-01-12 00:00:00,,,,,,
1989-01-13 00:00:00,,,,,,
1989-01-16 00:00:00,,,,,,
1989-01-17 00:00:00,,,,,,
1989-01-18 00:00:00,,,,,,
1989-01-19 00:00:00,,,,,,
1989-01-20 00:00:00,,,,,,
1989-01-23 00:00:00,,,,,,
1989-01-24 00:00:00,,,,,,
1989-01-25 00:00:00,,,,,,
1989-01-26 00:00:00,,,,,,
1989-01-27 00:00:00,,,,,,
1989-01-30 00:00:00,,,,,,
1989-01-31 00:00:00,,,,,,
1989-02-01 00:00:00,,,,,,
1989-02-02 00:00:00,,,,,,
1989-02-03 00:00:00,,,,,,
1989-02-06 00:00:00,,,,,,
1989-02-07 00:00:00,,,,,,
1989-02-08 00:00:00,,,,,,
1989-02-09 00:00:00,,,,,,
1989-02-10 00:00:00,,,,,,
1989-02-13 00:00:00,,,,,,
1989-02-14 00:00:00,,,,,,
1989-02-15 00:00:00,,,,,,
1989-02-16 00:00:00,,,,,,
1989-02-17 00:00:00,,,,,,
1989-02-21 00:00:00,,,,,,
1989-02-22 00:00:00,,,,,,
1989-02-23 00:00:00,,,,,,
1989-02-24 00:00:00,,,,,,
1989-02-27 00:00:00,,,,,,
1989-02-28 00:00:00,,,,,,
1989-03-01 00:00:00,,,,,,
1989-03-02 00:00:00,,,,,,
1989-03-03 00:00:00,,,,,,
1989-03-06 00:00:00,,,,,,
1989-03-07 00:00:00,,,,,,
1989-03-08 00:00:00,,,,,,
1989-03-09 00:00:00,,,,,,
1989-03-10 00:00:00,,,,,,
1989-03-13 00:00:00,,,,,,
1989-03-14 00:00:00,,,,,,
1989-03-15 00:00:00,,,,,,
1989-03-16 00:00:00,,,,,,
1989-03-17 00:00:00,,,,,,
1989-03-20 00:00:00,,,,,,
1989-03-21 00:00:00,,,,,,
1989-03-22 00:00:00,,,,,,
1989-03-23 00:00:00,,,,,,
1989-03-27 00:00:00,,,,,,
1989-03-28 00:00:00,,,,,,
1989-03-29 00:00:00,,,,,,
1989-03-30 00:00:00,,,,,,
1989-03-31 00:00:00,,,,,,
1989-04-03 00:00:00,,,,,,
1989-04-04 00:00:00,,,,,,
1989-04-05 00:00:00,,,,,,
1989-04-06 00:00:00,,,,,,
1989-04-07 00:00:00,,,,,,
1989-04-10 00:00:00,,,,,,
1989-04-11 00:00:00,,,,,,
1989-04-12 00:00:00,,,,,,
1989-04-13 00:00:00,,,,,,
1989-04-14 00:00:00,,,,,,
1989-04-17 00:00:00,,,,,,
1989-04-18 00:00:00,,,,,,
1989-04-19 00:00:00,,,,,,
1989-04-20 00:00:00,,,,,,
1989-04-21 00:00:00,,,,,,
1989-04-24 00:00:00,,,,,,
1989-04-25 00:00:00,,,,,,
1989-04-26 00:00:00,,,,,,
1989-04-27 00:00:00,,,,,,
1989-04-28 00:00:00,,,,,,
1989-05-01 00:00:00,,,,,,
1989-05-02 00:00:00,,,,,,
1989-05-03 00:00:00,,,,,,
1989-05-04 00:00:00,,,,,,
1989-05-05 00:00:00,,,,,,
1989-05-08 00:00:00,,,,,,
1989-05-09 00:00:00,,,,,,
1989-05-10 00:00:00,,,,,,
1989-05-11 00:00:00,,,,,,
1989-05-12 00:00:00,,,,,,
1989-05-15 00:00:00,,,,,,
1989-05-16 00:00:00,,,,,,
1989-05-17 00:00:00,,,,,,
1989-05-18 00:00:00,,,,,,
1989-05-19 00:00:00,,,,,,
1989-05-22 00:00:00,,,,,,
1989-05-23 00:00:00,,,,,,
1989-05-24 00:00:00,,,,,,
1989-05-25 00:00:00,,,,,,
1989-05-26 00:00:00,,,,,,
1989-05-30 00:00:00,,,,,,
1989-05-31 00:00:00,,,,,,
1989-06-01 00:00:00,,,,,,
1989-06-02 00:00:00,,,,,,
1989-06-05 00:00:00,,,,,,
1989-06-06 00:00:00,,,,,,
1989-06-07 00:00:00,,,,,,
1989-06-08 00:00:00,,,,,,
1989-06-09 00:00:00,,,,,,
1989-06-12 00:00:00,,,,,,
1989-06-13 00:00:00,,,,,,
1989-06-14 00:00:00,,,,,,
1989-06-15 00:00:00,,,,,,
1989-06-16 00:00:00,,,,,,
1989-06-19 00:00:00,,,,,,
1989-06-20 00:00:00,,,,,,
1989-06-21 00:00:00,,,,,,
1989-06-22 00:00:00,,,,,,
1989-06-23 00:00:00,,,,,,
1989-06-26 00:00:00,,,,,,
1989-06-27 00:00:00,,,,,,
1989-06-28 00:00:00,,,,,,
1989-06-29 00:00:00,,,,,,
1989-06-30 00:00:00,,,,,,
1989-07-03 00:00:00,,,,,,
1989-07-05 00:00:00,,,,,,
1989-07-06 00:00:00,,,,,,
1989-07-07 00:00:00,,,,,,
1989-07-10 00:00:00,,,,,,
1989-07-11 00:00:00,,,,,,
1989-07-12 00:00:00,,,,,,
1989-07-13 00:00:00,,,,,,
1989-07-14 00:00:00,,,,,,
1989-07-17 00:00:00,,,,,,
1989-07-18 00:00:00,,,,,,
1989-07-19 00:00:00,,,,,,
1989-07-20 00:00:00,,,,,,
1989-07-21 00:00:00,,,,,,
1989-07-24 00:00:00,,,,,,
1989-07-25 00:00:00,,,,,,
1989-07-26 00:00:00,,,,,,
1989-07-27 00:00:00,,,,,,
1989-07-28 00:00:00,,,,,,
1989-07-31 00:00:00,,,,,,
1989-08-01 00:00:00,,,,,,
1989-08-02 00:00:00,,,,,,
1989-08-03 00:00:00,,,,,,
1989-08-04 00:00:00,,,,,,
1989-08-07 00:00:00,,,,,,
1989-08-08 00:00:00,,,,,,
1989-08-09 00:00:00,,,,,,
1989-08-10 00:00:00,,,,,,
1989-08-11 00:00:00,,,,,,
1989-08-14 00:00:00,,,,,,
1989-08-15 00:00:00,,,,,,
1989-08-16 00:00:00,,,,,,
1989-08-17 00:00:00,,,,,,
1989-08-18 00:00:00,,,,,,
1989-08-21 00:00:00,,,,,,
1989-08-22 00:00:00,,,,,,
1989-08-23 00:00:00,,,,,,
1989-08-24 00:00:00,,,,,,
1989-08-25 00:00:00,,,,,,
1989-08-28 00:00:00,,,,,,
1989-08-29 00:00:00,,,,,,
1989-08-30 00:00:00,,,,,,
1989-08-31 00:00:00,,,,,,
1989-09-01 00:00:00,,,,,,
1989-09-05 00:00:00,,,,,,
1989-09-06 00:00:00,,,,,,
1989-09-07 00:00:00,,,,,,
1989-09-08 00:00:00,,,,,,
1989-09-11 00:00:00,,,,,,
1989-09-12 00:00:00,,,,,,
1989-09-13 00:00:00,,,,,,
1989-09-14 00:00:00,,,,,,
1989-09-15 00:00:00,,,,,,
1989-09-18 00:00:00,,,,,,
1989-09-19 00:00:00,,,,,,
1989-09-20 00:00:00,,,,,,
1989-09-21 00:00:00,,,,,,
1989-09-22 00:00:00,,,,,,
1989-09-25 00:00:00,,,,,,
1989-09-26 00:00:00,,,,,,
1989-09-27 00:00:00,,,,,,
1989-09-28 00:00:00,,,,,,
1989-09-29 00:00:00,,,,,,
1989-10-02 00:00:00,,,,,,
1989-10-03 00:00:00,,,,,,
1989-10-04 00:00:00,,,,,,
1989-10-05 00:00:00,,,,,,
1989-10-06 00:00:00,,,,,,
1989-10-09 00:00:00,,,,,,
1989-10-10 00:00:00,,,,,,
1989-10-11 00:00:00,,,,,,
1989-10-12 00:00:00,,,,,,
1989-10-13 00:00:00,,,,,,
1989-10-16 00:00:00,,,,,,
1989-10-17 00:00:00,,,,,,
1989-10-18 00:00:00,,,,,,
1989-10-19 00:00:00,,,,,,
1989-10-20 00:00:00,,,,,,
1989-10-23 00:00:00,,,,,,
1989-10-24 00:00:00,,,,,,
1989-10-25 00:00:00,,,,,,
1989-10-26 00:00:00,,,,,,
1989-10-27 00:00:00,,,,,,
1989-10-30 00:00:00,,,,,,
1989-10-31 00:00:00,,,,,,
1989-11-01 00:00:00,,,,,,
1989-11-02 00:00:00,,,,,,
1989-11-03 00:00:00,,,,,,
1989-11-06 00:00:00,,,,,,
1989-11-07 00:00:00,,,,,,
1989-11-08 00:00:00,,,,,,
1989-11-09 00:00:00,,,,,,
1989-11-10 00:00:00,,,,,,
1989-11-13 00:00:00,,,,,,
1989-11-14 00:00:00,,,,,,
1989-11-15 00:00:00,,,,,,
1989-11-16 00:00:00,,,,,,
1989-11-17 00:00:00,,,,,,
1989-11-20 00:00:00,,,,,,
1989-11-21 00:00:00,,,,,,
1989-11-22 00:00:00,,,,,,
1989-11-24 00:00:00,,,,,,
1989-11-27 00:00:00,,,,,,
1989-11-28 00:00:00,,,,,,
1989-11-29 00:00:00,,,,,,
1989-11-30 00:00:00,,,,,,
1989-12-01 00:00:00,,,,,,
1989-12-04 00:00:00,,,,,,
1989-12-05 00:00:00,,,,,,
1989-12-06 00:00:00,,,,,,
1989-12-07 00:00:00,,,,,,
1989-12-08 00:00:00,,,,,,
1989-12-11 00:00:00,,,,,,
1989-12-12 00:00:00,,,,,,
1989-12-13 00:00:00,,,,,,
1989-12-14 00:00:00,,,,,,
1989-12-15 00:00:00,,,,,,
1989-12-18 00:00:00,,,,,,
1989-12-19 00:00:00,,,,,,
1989-12-20 00:00:00,,,,,,
1989-12-21 00:00:00,,,,,,
1989-12-22 00:00:00,,,,,,
1989-12-26 00:00:00,,,,,,
1989-12-27 00:00:00,,,,,,
1989-12-28 00:00:00,,,,,,
1989-12-29 00:00:00,,,,,,
1990-01-02 00:00:00,,,,,,
1990-01-03 00:00:00,,,,,,
1990-01-04 00:00:00,,,,,,
1990-01-05 00:00:00,,,,,,
1990-01-08 00:00:00,,,,,,
1990-01-09 00:00:00,,,,,,
1990-01-10 00:00:00,,,,,,
1990-01-11 00:00:00,,,,,,
1990-01-12 00:00:00,,,,,,
1990-01-15 00:00:00,,,,,,
1990-01-16 00:00:00,,,,,,
1990-01-17 00:00:00,,,,,,
1990-01-18 00:00:00,,,,,,
1990-01-19 00:00:00,,,,,,
1990-01-22 00:00:00,,,,,,
1990-01-23 00:00:00,,,,,,
1990-01-24 00:00:00,,,,,,
1990-01-25 00:00:00,,,,,,
1990-01-26 00:00:00,,,,,,
1990-01-29 00:00:00,,,,,,
1990-01-30 00:00:00,,,,,,
1990-01-31 00:00:00,,,,,,
1990-02-01 00:00:00,,,,,,
1990-02-02 00:00:00,,,,,,
1990-02-05 00:00:00,,,,,,
1990-02-06 00:00:00,,,,,,
1990-02-07 00:00:00,,,,,,
1990-02-08 00:00:00,,,,,,
1990-02-09 00:00:00,,,,,,
1990-02-12 00:00:00,,,,,,
1990-02-13 00:00:00,,,,,,
1990-02-14 00:00:00,,,,,,
1990-02-15 00:00:00,,,,,,
1990-02-16 00:00:00,,,,,,
1990-02-20 00:00:00,,,,,,
1990-02-21 00:00:00,,,,,,
1990-02-22 00:00:00,,,,,,
1990-02-23 00:00:00,,,,,,
1990-02-26 00:00:00,,,,,,
1990-02-27 00:00:00,,,,,,
1990-02-28 00:00:00,,,,,,
1990-03-01 00:00:00,,,,,,
1990-03-02 00:00:00,,,,,,
1990-03-05 00:00:00,,,,,,
1990-03-06 00:00:00,,,,,,
1990-03-07 00:00:00,,,,,,
1990-03-08 00:00:00,,,,,,
1990-03-09 00:00:00,,,,,,
1990-03-12 00:00:00,,,,,,
1990-03-13 00:00:00,,,,,,
1990-03-14 00:00:00,,,,,,
1990-03-15 00:00:00,,,,,,
1990-03-16 00:00:00,,,,,,
1990-03-19 00:00:00,,,,,,
1990-03-20 00:00:00,,,,,,
1990-03-21 00:00:00,,,,,,
1990-03-22 00:00:00,,,,,,
1990-03-23 00:00:00,,,,,,
1990-03-26 00:00:00,,,,,,
1990-03-27 00:00:00,,,,,,
1990-03-28 00:00:00,,,,,,
1990-03-29 00:00:00,,,,,,
1990-03-30 00:00:00,,,,,,
1990-04-02 00:00:00,,,,,,
1990-04-03 00:00:00,,,,,,
1990-04-04 00:00:00,,,,,,
1990-04-05 00:00:00,,,,,,
1990-04-06 00:00:00,,,,,,
1990-04-09 00:00:00,,,,,,
1990-04-10 00:00:00,,,,,,
1990-04-11 00:00:00,,,,,,
1990-04-12 00:00:00,,,,,,
1990-04-16 00:00:00,,,,,,
1990-04-17 00:00:00,,,,,,
1990-04-18 00:00:00,,,,,,
1990-04-19 00:00:00,,,,,,
1990-04-20 00:00:00,,,,,,
1990-04-23 00:00:00,,,,,,
1990-04-24 00:00:00,,,,,,
1990-04-25 00:00:00,,,,,,
1990-04-26 00:00:00,,,,,,
1990-04-27 00:00:00,,,,,,
1990-04-30 00:00:00,,,,,,
1990-05-01 00:00:00,,,,,,
1990-05-02 00:00:00,,,,,,
1990-05-03 00:00:00,,,,,,
1990-05-04 00:00:00,,,,,,
1990-05-07 00:00:00,,,,,,
1990-05-08 00:00:00,,,,,,
1990-05-09 00:00:00,,,,,,
1990-05-10 00:00:00,,,,,,
1990-05-11 00:00:00,,,,,,
1990-05-14 00:00:00,,,,,,
1990-05-15 00:00:00,,,,,,
1990-05-16 00:00:00,,,,,,
1990-05-17 00:00:00,,,,,,
1990-05-18 00:00:00,,,,,,
1990-05-21 00:00:00,,,,,,
1990-05-22 00:00:00,,,,,,
1990-05-23 00:00:00,,,,,,
1990-05-24 00:00:00,,,,,,
1990-05-25 00:00:00,,,,,,
1990-05-29 00:00:00,,,,,,
1990-05-30 00:00:00,,,,,,
1990-05-31 00:00:00,,,,,,
1990-06-01 00:00:00,,,,,,
1990-06-04 00:00:00,,,,,,
1990-06-05 00:00:00,,,,,,
1990-06-06 00:00:00,,,,,,
1990-06-07 00:00:00,,,,,,
1990-06-08 00:00:00,,,,,,
1990-06-11 00:00:00,,,,,,
1990-06-12 00:00:00,,,,,,
1990-06-13 00:00:00,,,,,,
1990-06-14 00:00:00,,,,,,
1990-06-15 00:00:00,,,,,,
1990-06-18 00:00:00,,,,,,
1990-06-19 00:00:00,,,,,,
1990-06-20 00:00:00,,,,,,
1990-06-21 00:00:00,,,,,,
1990-06-22 00:00:00,,,,,,
1990-06-25 00:00:00,,,,,,
1990-06-26 00:00:00,,,,,,
1990-06-27 00:00:00,,,,,,
1990-06-28 00:00:00,,,,,,
1990-06-29 00:00:00,,,,,,
1990-07-02 00:00:00,,,,,,
1990-07-03 00:00:00,,,,,,
1990-07-05 00:00:00,,,,,,
1990-07-06 00:00:00,,,,,,
1990-07-09 00:00:00,,,,,,
1990-07-10 00:00:00,,,,,,
1990-07-11 00:00:00,,,,,,
1990-07-12 00:00:00,,,,,,
1990-07-13 00:00:00,,,,,,
1990-07-16 00:00:00,,,,,,
1990-07-17 00:00:00,,,,,,
1990-07-18 00:00:00,,,,,,
1990-07-19 00:00:00,,,,,,
1990-07-20 00:00:00,,,,,,
1990-07-23 00:00:00,,,,,,
1990-07-24 00:00:00,,,,,,
1990-07-25 00:00:00,,,,,,
1990-07-26 00:00:00,,,,,,
1990-07-27 00:00:00,,,,,,
1990-07-30 00:00:00,,,,,,
1990-07-31 00:00:00,,,,,,
1990-08-01 00:00:00,,,,,,
1990-08-02 00:00:00,,,,,,
1990-08-03 00:00:00,,,,,,
1990-08-06 00:00:00,,,,,,
1990-08-07 00:00:00,,,,,,
1990-08-08 00:00:00,,,,,,
1990-08-09 00:00:00,,,,,,
1990-08-10 00:00:00,,,,,,
1990-08-13 00:00:00,,,,,,
1990-08-14 00:00:00,,,,,,
1990-08-15 00:00:00,,,,,,
1990-08-16 00:00:00,,,,,,
1990-08-17 00:00:00,,,,,,
1990-08-20 00:00:00,,,,,,
1990-08-21 00:00:00,,,,,,
1990-08-22 00:00:00,,,,,,
1990-08-23 00:00:00,,,,,,
1990-08-24 00:00:00,,,,,,
1990-08-27 00:00:00,,,,,,
1990-08-28 00:00:00,,,,,,
1990-08-29 00:00:00,,,,,,
1990-08-30 00:00:00,,,,,,
1990-08-31 00:00:00,,,,,,
1990-09-04 00:00:00,,,,,,
1990-09-05 00:00:00,,,,,,
1990-09-06 00:00:00,,,,,,
1990-09-07 00:00:00,,,,,,
1990-09-10 00:00:00,,,,,,
1990-09-11 00:00:00,,,,,,
1990-09-12 00:00:00,,,,,,
1990-09-13 00:00:00,,,,,,
1990-09-14 00:00:00,,,,,,
1990-09-17 00:00:00,,,,,,
1990-09-18 00:00:00,,,,,,
1990-09-19 00:00:00,,,,,,
1990-09-20 00:00:00,,,,,,
1990-09-21 00:00:00,,,,,,
1990-09-24 00:00:00,,,,,,
1990-09-25 00:00:00,,,,,,
1990-09-26 00:00:00,,,,,,
1990-09-27 00:00:00,,,,,,
1990-09-28 00:00:00,,,,,,
1990-10-01 00:00:00,,,,,,
1990-10-02 00:00:00,,,,,,
1990-10-03 00:00:00,,,,,,
1990-10-04 00:00:00,,,,,,
1990-10-05 00:00:00,,,,,,
1990-10-08 00:00:00,,,,,,
1990-10-09 00:00:00,,,,,,
1990-10-10 00:00:00,,,,,,
1990-10-11 00:00:00,,,,,,
1990-10-12 00:00:00,,,,,,
1990-10-15 00:00:00,,,,,,
1990-10-16 00:00:00,,,,,,
1990-10-17 00:00:00,,,,,,
1990-10-18 00:00:00,,,,,,
1990-10-19 00:00:00,,,,,,
1990-10-22 00:00:00,,,,,,
1990-10-23 00:00:00,,,,,,
1990-10-24 00:00:00,,,,,,
1990-10-25 00:00:00,,,,,,
1990-10-26 00:00:00,,,,,,
1990-10-29 00:00:00,,,,,,
1990-10-30 00:00:00,,,,,,
1990-10-31 00:00:00,,,,,,
1990-11-01 00:00:00,,,,,,
1990-11-02 00:00:00,,,,,,
1990-11-05 00:00:00,,,,,,
1990-11-06 00:00:00,,,,,,
1990-11-07 00:00:00,,,,,,
1990-11-08 00:00:00,,,,,,
1990-11-09 00:00:00,,,,,,
1990-11-12 00:00:00,,,,,,
1990-11-13 00:00:00,,,,,,
1990-11-14 00:00:00,,,,,,
1990-11-15 00:00:00,,,,,,
1990-11-16 00:00:00,,,,,,
1990-11-19 00:00:00,,,,,,
1990-11-20 00:00:00,,,,,,
1990-11-21 00:00:00,,,,,,
1990-11-23 00:00:00,,,,,,
1990-11-26 00:00:00,,,,,,
1990-11-27 00:00:00,,,,,,
1990-11-28 00:00:00,,,,,,
1990-11-29 00:00:00,,,,,,
1990-11-30 00:00:00,,,,,,
1990-12-03 00:00:00,,,,,,
1990-12-04 00:00:00,,,,,,
1990-12-05 00:00:00,,,,,,
1990-12-06 00:00:00,,,,,,
1990-12-07 00:00:00,,,,,,
1990-12-10 00:00:00,,,,,,
1990-12-11 00:00:00,,,,,,
1990-12-12 00:00:00,,,,,,
1990-12-13 00:00:00,,,,,,
1990-12-14 00:00:00,,,,,,
1990-12-17 00:00:00,,,,,,
1990-12-18 00:00:00,,,,,,
1990-12-19 00:00:00,,,,,,
1990-12-20 00:00:00,,,,,,
1990-12-21 00:00:00,,,,,,
1990-12-24 00:00:00,,,,,,
1990-12-26 00:00:00,,,,,,
1990-12-27 00:00:00,,,,,,
1990-12-28 00:00:00,,,,,,
1990-12-31 00:00:00,,,,,,
1991-01-02 00:00:00,,,,,,
1991-01-03 00:00:00,,,,,,
1991-01-04 00:00:00,,,,,,
1991-01-07 00:00:00,,,,,,
1991-01-08 00:00:00,,,,,,
1991-01-09 00:00:00,,,,,,
1991-01-10 00:00:00,,,,,,
1991-01-11 00:00:00,,,,,,
1991-01-14 00:00:00,,,,,,
1991-01-15 00:00:00,,,,,,
1991-01-16 00:00:00,,,,,,
1991-01-17 00:00:00,,,,,,
1991-01-18 00:00:00,,,,,,
1991-01-21 00:00:00,,,,,,
1991-01-22 00:00:00,,,,,,
1991-01-23 00:00:00,,,,,,
1991-01-24 00:00:00,,,,,,
1991-01-25 00:00:00,,,,,,
1991-01-28 00:00:00,,,,,,
1991-01-29 00:00:00,,,,,,
1991-01-30 00:00:00,,,,,,
1991-01-31 00:00:00,,,,,,
1991-02-01 00:00:00,,,,,,
1991-02-04 00:00:00,,,,,,
1991-02-05 00:00:00,,,,,,
1991-02-06 00:00:00,,,,,,
1991-02-07 00:00:00,,,,,,
1991-02-08 00:00:00,,,,,,
1991-02-11 00:00:00,,,,,,
1991-02-12 00:00:00,,,,,,
1991-02-13 00:00:00,,,,,,
1991-02-14 00:00:00,,,,,,
1991-02-15 00:00:00,,,,,,
1991-02-19 00:00:00,,,,,,
1991-02-20 00:00:00,,,,,,
1991-02-21 00:00:00,,,,,,
1991-02-22 00:00:00,,,,,,
1991-02-25 00:00:00,,,,,,
1991-02-26 00:00:00,,,,,,
1991-02-27 00:00:00,,,,,,
1991-02-28 00:00:00,,,,,,
1991-03-01 00:00:00,,,,,,
1991-03-04 00:00:00,,,,,,
1991-03-05 00:00:00,,,,,,
1991-03-06 00:00:00,,,,,,
1991-03-07 00:00:00,,,,,,
1991-03-08 00:00:00,,,,,,
1991-03-11 00:00:00,,,,,,
1991-03-12 00:00:00,,,,,,
1991-03-13 00:00:00,,,,,,
1991-03-14 00:00:00,,,,,,
1991-03-15 00:00:00,,,,,,
1991-03-18 00:00:00,,,,,,
1991-03-19 00:00:00,,,,,,
1991-03-20 00:00:00,,,,,,
1991-03-21 00:00:00,,,,,,
1991-03-22 00:00:00,,,,,,
1991-03-25 00:00:00,,,,,,
1991-03-26 00:00:00,,,,,,
1991-03-27 00:00:00,,,,,,
1991-03-28 00:00:00,,,,,,
1991-04-01 00:00:00,,,,,,
1991-04-02 00:00:00,,,,,,
1991-04-03 00:00:00,,,,,,
1991-04-04 00:00:00,,,,,,
1991-04-05 00:00:00,,,,,,
1991-04-08 00:00:00,,,,,,
1991-04-09 00:00:00,,,,,,
1991-04-10 00:00:00,,,,,,
1991-04-11 00:00:00,,,,,,
1991-04-12 00:00:00,,,,,,
1991-04-15 00:00:00,,,,,,
1991-04-16 00:00:00,,,,,,
1991-04-17 00:00:00,,,,,,
1991-04-18 00:00:00,,,,,,
1991-04-19 00:00:00,,,,,,
1991-04-22 00:00:00,,,,,,
1991-04-23 00:00:00,,,,,,
1991-04-24 00:00:00,,,,,,
1991-04-25 00:00:00,,,,,,
1991-04-26 00:00:00,,,,,,
1991-04-29 00:00:00,,,,,,
1991-04-30 00:00:00,,,,,,
1991-05-01 00:00:00,,,,,,
1991-05-02 00:00:00,,,,,,
1991-05-03 00:00:00,,,,,,
1991-05-06 00:00:00,,,,,,
1991-05-07 00:00:00,,,,,,
1991-05-08 00:00:00,,,,,,
1991-05-09 00:00:00,,,,,,
1991-05-10 00:00:00,,,,,,
1991-05-13 00:00:00,,,,,,
1991-05-14 00:00:00,,,,,,
1991-05-15 00:00:00,,,,,,
1991-05-16 00:00:00,,,,,,
1991-05-17 00:00:00,,,,,,
1991-05-20 00:00:00,,,,,,
1991-05-21 00:00:00,,,,,,
1991-05-22 00:00:00,,,,,,
1991-05-23 00:00:00,,,,,,
1991-05-24 00:00:00,,,,,,
1991-05-28 00:00:00,,,,,,
1991-05-29 00:00:00,,,,,,
1991-05-30 00:00:00,,,,,,
1991-05-31 00:00:00,,,,,,
1991-06-03 00:00:00,,,,,,
1991-06-04 00:00:00,,,,,,
1991-06-05 00:00:00,,,,,,
1991-06-06 00:00:00,,,,,,
1991-06-07 00:00:00,,,,,,
1991-06-10 00:00:00,,,,,,
1991-06-11 00:00:00,,,,,,
1991-06-12 00:00:00,,,,,,
1991-06-13 00:00:00,,,,,,
1991-06-14 00:00:00,,,,,,
1991-06-17 00:00:00,,,,,,
1991-06-18 00:00:00,,,,,,
1991-06-19 00:00:00,,,,,,
1991-06-20 00:00:00,,,,,,
1991-06-21 00:00:00,,,,,,
1991-06-24 00:00:00,,,,,,
1991-06-25 00:00:00,,,,,,
1991-06-26 00:00:00,,,,,,
1991-06-27 00:00:00,,,,,,
1991-06-28 00:00:00,,,,,,
1991-07-01 00:00:00,,,,,,
1991-07-02 00:00:00,,,,,,
1991-07-03 00:00:00,,,,,,
1991-07-05 00:00:00,,,,,,
1991-07-08 00:00:00,,,,,,
1991-07-09 00:00:00,,,,,,
1991-07-10 00:00:00,,,,,,
1991-07-11 00:00:00,,,,,,
1991-07-12 00:00:00,,,,,,
1991-07-15 00:00:00,,,,,,
1991-07-16 00:00:00,,,,,,
1991-07-17 00:00:00,,,,,,
1991-07-18 00:00:00,,,,,,
1991-07-19 00:00:00,,,,,,
1991-07-22 00:00:00,,,,,,
1991-07-23 00:00:00,,,,,,
1991-07-24 00:00:00,,,,,,
1991-07-25 00:00:00,,,,,,
1991-07-26 00:00:00,,,,,,
1991-07-29 00:00:00,,,,,,
1991-07-30 00:00:00,,,,,,
1991-07-31 00:00:00,,,,,,
1991-08-01 00:00:00,,,,,,
1991-08-02 00:00:00,,,,,,
1991-08-05 00:00:00,,,,,,
1991-08-06 00:00:00,,,,,,
1991-08-07 00:00:00,,,,,,
1991-08-08 00:00:00,,,,,,
1991-08-09 00:00:00,,,,,,
1991-08-12 00:00:00,,,,,,
1991-08-13 00:00:00,,,,,,
1991-08-14 00:00:00,,,,,,
1991-08-15 00:00:00,,,,,,
1991-08-16 00:00:00,,,,,,
1991-08-19 00:00:00,,,,,,
1991-08-20 00:00:00,,,,,,
1991-08-21 00:00:00,,,,,,
1991-08-22 00:00:00,,,,,,
1991-08-23 00:00:00,,,,,,
1991-08-26 00:00:00,,,,,,
1991-08-27 00:00:00,,,,,,
1991-08-28 00:00:00,,,,,,
1991-08-29 00:00:00,,,,,,
1991-08-30 00:00:00,,,,,,
1991-09-03 00:00:00,,,,,,
1991-09-04 00:00:00,,,,,,
1991-09-05 00:00:00,,,,,,
1991-09-06 00:00:00,,,,,,
1991-09-09 00:00:00,,,,,,
1991-09-10 00:00:00,,,,,,
1991-09-11 00:00:00,,,,,,
1991-09-12 00:00:00,,,,,,
1991-09-13 00:00:00,,,,,,
1991-09-16 00:00:00,,,,,,
1991-09-17 00:00:00,,,,,,
1991-09-18 00:00:00,,,,,,
1991-09-19 00:00:00,,,,,,
1991-09-20 00:00:00,,,,,,
1991-09-23 00:00:00,,,,,,
1991-09-24 00:00:00,,,,,,
1991-09-25 00:00:00,,,,,,
1991-09-26 00:00:00,,,,,,
1991-09-27 00:00:00,,,,,,
1991-09-30 00:00:00,,,,,,
1991-10-01 00:00:00,,,,,,
1991-10-02 00:00:00,,,,,,
1991-10-03 00:00:00,,,,,,
1991-10-04 00:00:00,,,,,,
1991-10-07 00:00:00,,,,,,
1991-10-08 00:00:00,,,,,,
1991-10-09 00:00:00,,,,,,
1991-10-10 00:00:00,,,,,,
1991-10-11 00:00:00,,,,,,
1991-10-14 00:00:00,,,,,,
1991-10-15 00:00:00,,,,,,
1991-10-16 00:00:00,,,,,,
1991-10-17 00:00:00,,,,,,
1991-10-18 00:00:00,,,,,,
1991-10-21 00:00:00,,,,,,
1991-10-22 00:00:00,,,,,,
1991-10-23 00:00:00,,,,,,
1991-10-24 00:00:00,,,,,,
1991-10-25 00:00:00,,,,,,
1991-10-28 00:00:00,,,,,,
1991-10-29 00:00:00,,,,,,
1991-10-30 00:00:00,,,,,,
1991-10-31 00:00:00,,,,,,
1991-11-01 00:00:00,,,,,,
1991-11-04 00:00:00,,,,,,
1991-11-05 00:00:00,,,,,,
1991-11-06 00:00:00,,,,,,
1991-11-07 00:00:00,,,,,,
1991-11-08 00:00:00,,,,,,
1991-11-11 00:00:00,,,,,,
1991-11-12 00:00:00,,,,,,
1991-11-13 00:00:00,,,,,,
1991-11-14 00:00:00,,,,,,
1991-11-15 00:00:00,,,,,,
1991-11-18 00:00:00,,,,,,
1991-11-19 00:00:00,,,,,,
1991-11-20 00:00:00,,,,,,
1991-11-21 00:00:00,,,,,,
1991-11-22 00:00:00,,,,,,
1991-11-25 00:00:00,,,,,,
1991-11-26 00:00:00,,,,,,
1991-11-27 00:00:00,,,,,,
1991-11-29 00:00:00,,,,,,
1991-12-02 00:00:00,,,,,,
1991-12-03 00:00:00,,,,,,
1991-12-04 00:00:00,,,,,,
1991-12-05 00:00:00,,,,,,
1991-12-06 00:00:00,,,,,,
1991-12-09 00:00:00,,,,,,
1991-12-10 00:00:00,,,,,,
1991-12-11 00:00:00,,,,,,
1991-12-12 00:00:00,,,,,,
1991-12-13 00:00:00,,,,,,
1991-12-16 00:00:00,,,,,,
1991-12-17 00:00:00,,,,,,
1991-12-18 00:00:00,,,,,,
1991-12-19 00:00:00,,,,,,
1991-12-20 00:00:00,,,,,,
1991-12-23 00:00:00,,,,,,
1991-12-24 00:00:00,,,,,,
1991-12-26 00:00:00,,,,,,
1991-12-27 00:00:00,,,,,,
1991-12-30 00:00:00,,,,,,
1991-12-31 00:00:00,,,,,,
1992-01-02 00:00:00,,,,,,
1992-01-03 00:00:00,,,,,,
1992-01-06 00:00:00,,,,,,
1992-01-07 00:00:00,,,,,,
1992-01-08 00:00:00,,,,,,
1992-01-09 00:00:00,,,,,,
1992-01-10 00:00:00,,,,,,
1992-01-13 00:00:00,,,,,,
1992-01-14 00:00:00,,,,,,
1992-01-15 00:00:00,,,,,,
1992-01-16 00:00:00,,,,,,
1992-01-17 00:00:00,,,,,,
1992-01-20 00:00:00,,,,,,
1992-01-21 00:00:00,,,,,,
1992-01-22 00:00:00,,,,,,
1992-01-23 00:00:00,,,,,,
1992-01-24 00:00:00,,,,,,
1992-01-27 00:00:00,,,,,,
1992-01-28 00:00:00,,,,,,
1992-01-29 00:00:00,,,,,,
1992-01-30 00:00:00,,,,,,
1992-01-31 00:00:00,,,,,,
1992-02-03 00:00:00,,,,,,
1992-02-04 00:00:00,,,,,,
1992-02-05 00:00:00,,,,,,
1992-02-06 00:00:00,,,,,,
1992-02-07 00:00:00,,,,,,
1992-02-10 00:00:00,,,,,,
1992-02-11 00:00:00,,,,,,
1992-02-12 00:00:00,,,,,,
1992-02-13 00:00:00,,,,,,
1992-02-14 00:00:00,,,,,,
1992-02-18 00:00:00,,,,,,
1992-02-19 00:00:00,,,,,,
1992-02-20 00:00:00,,,,,,
1992-02-21 00:00:00,,,,,,
1992-02-24 00:00:00,,,,,,
1992-02-25 00:00:00,,,,,,
1992-02-26 00:00:00,,,,,,
1992-02-27 00:00:00,,,,,,
1992-02-28 00:00:00,,,,,,
1992-03-02 00:00:00,,,,,,
1992-03-03 00:00:00,,,,,,
1992-03-04 00:00:00,,,,,,
1992-03-05 00:00:00,,,,,,
1992-03-06 00:00:00,,,,,,
1992-03-09 00:00:00,,,,,,
1992-03-10 00:00:00,,,,,,
1992-03-11 00:00:00,,,,,,
1992-03-12 00:00:00,,,,,,
1992-03-13 00:00:00,,,,,,
1992-03-16 00:00:00,,,,,,
1992-03-17 00:00:00,,,,,,
1992-03-18 00:00:00,,,,,,
1992-03-19 00:00:00,,,,,,
1992-03-20 00:00:00,,,,,,
1992-03-23 00:00:00,,,,,,
1992-03-24 00:00:00,,,,,,
1992-03-25 00:00:00,,,,,,
1992-03-26 00:00:00,,,,,,
1992-03-27 00:00:00,,,,,,
1992-03-30 00:00:00,,,,,,
1992-03-31 00:00:00,,,,,,
1992-04-01 00:00:00,,,,,,
1992-04-02 00:00:00,,,,,,
1992-04-03 00:00:00,,,,,,
1992-04-06 00:00:00,,,,,,
1992-04-07 00:00:00,,,,,,
1992-04-08 00:00:00,,,,,,
1992-04-09 00:00:00,,,,,,
1992-04-10 00:00:00,,,,,,
1992-04-13 00:00:00,,,,,,
1992-04-14 00:00:00,,,,,,
1992-04-15 00:00:00,,,,,,
1992-04-16 00:00:00,,,,,,
1992-04-20 00:00:00,,,,,,
1992-04-21 00:00:00,,,,,,
1992-04-22 00:00:00,,,,,,
1992-04-23 00:00:00,,,,,,
1992-04-24 00:00:00,,,,,,
1992-04-27 00:00:00,,,,,,
1992-04-28 00:00:00,,,,,,
1992-04-29 00:00:00,,,,,,
1992-04-30 00:00:00,,,,,,
1992-05-01 00:00:00,,,,,,
1992-05-04 00:00:00,,,,,,
1992-05-05 00:00:00,,,,,,
1992-05-06 00:00:00,,,,,,
1992-05-07 00:00:00,,,,,,
1992-05-08 00:00:00,,,,,,
1992-05-11 00:00:00,,,,,,
1992-05-12 00:00:00,,,,,,
1992-05-13 00:00:00,,,,,,
1992-05-14 00:00:00,,,,,,
1992-05-15 00:00:00,,,,,,
1992-05-18 00:00:00,,,,,,
1992-05-19 00:00:00,,,,,,
1992-05-20 00:00:00,,,,,,
1992-05-21 00:00:00,,,,,,
1992-05-22 00:00:00,,,,,,
1992-05-26 00:00:00,,,,,,
1992-05-27 00:00:00,,,,,,
1992-05-28 00:00:00,,,,,,
1992-05-29 00:00:00,,,,,,
1992-06-01 00:00:00,,,,,,
1992-06-02 00:00:00,,,,,,
1992-06-03 00:00:00,,,,,,
1992-06-04 00:00:00,,,,,,
1992-06-05 00:00:00,,,,,,
1992-06-08 00:00:00,,,,,,
1992-06-09 00:00:00,,,,,,
1992-06-10 00:00:00,,,,,,
1992-06-11 00:00:00,,,,,,
1992-06-12 00:00:00,,,,,,
1992-06-15 00:00:00,,,,,,
1992-06-16 00:00:00,,,,,,
1992-06-17 00:00:00,,,,,,
1992-06-18 00:00:00,,,,,,
1992-06-19 00:00:00,,,,,,
1992-06-22 00:00:00,,,,,,
1992-06-23 00:00:00,,,,,,
1992-06-24 00:00:00,,,,,,
1992-06-25 00:00:00,,,,,,
1992-06-26 00:00:00,,,,,,
1992-06-29 00:00:00,,,,,,
1992-06-30 00:00:00,,,,,,
1992-07-01 00:00:00,,,,,,
1992-07-02 00:00:00,,,,,,
1992-07-06 00:00:00,,,,,,
1992-07-07 00:00:00,,,,,,
1992-07-08 00:00:00,,,,,,
1992-07-09 00:00:00,,,,,,
1992-07-10 00:00:00,,,,,,
1992-07-13 00:00:00,,,,,,
1992-07-14 00:00:00,,,,,,
1992-07-15 00:00:00,,,,,,
1992-07-16 00:00:00,,,,,,
1992-07-17 00:00:00,,,,,,
1992-07-20 00:00:00,,,,,,
1992-07-21 00:00:00,,,,,,
1992-07-22 00:00:00,,,,,,
1992-07-23 00:00:00,,,,,,
1992-07-24 00:00:00,,,,,,
1992-07-27 00:00:00,,,,,,
1992-07-28 00:00:00,,,,,,
1992-07-29 00:00:00,,,,,,
1992-07-30 00:00:00,,,,,,
1992-07-31 00:00:00,,,,,,
1992-08-03 00:00:00,,,,,,
1992-08-04 00:00:00,,,,,,
1992-08-05 00:00:00,,,,,,
1992-08-06 00:00:00,,,,,,
1992-08-07 00:00:00,,,,,,
1992-08-10 00:00:00,,,,,,
1992-08-11 00:00:00,,,,,,
1992-08-12 00:00:00,,,,,,
1992-08-13 00:00:00,,,,,,
1992-08-14 00:00:00,,,,,,
1992-08-17 00:00:00,,,,,,
1992-08-18 00:00:00,,,,,,
1992-08-19 00:00:00,,,,,,
1992-08-20 00:00:00,,,,,,
1992-08-21 00:00:00,,,,,,
1992-08-24 00:00:00,,,,,,
1992-08-25 00:00:00,,,,,,
1992-08-26 00:00:00,,,,,,
1992-08-27 00:00:00,,,,,,
1992-08-28 00:00:00,,,,,,
1992-08-31 00:00:00,,,,,,
1992-09-01 00:00:00,,,,,,
1992-09-02 00:00:00,,,,,,
1992-09-03 00:00:00,,,,,,
1992-09-04 00:00:00,,,,,,
1992-09-08 00:00:00,,,,,,
1992-09-09 00:00:00,,,,,,
1992-09-10 00:00:00,,,,,,
1992-09-11 00:00:00,,,,,,
1992-09-14 00:00:00,,,,,,
1992-09-15 00:00:00,,,,,,
1992-09-16 00:00:00,,,,,,
1992-09-17 00:00:00,,,,,,
1992-09-18 00:00:00,,,,,,
1992-09-21 00:00:00,,,,,,
1992-09-22 00:00:00,,,,,,
1992-09-23 00:00:00,,,,,,
1992-09-24 00:00:00,,,,,,
1992-09-25 00:00:00,,,,,,
1992-09-28 00:00:00,,,,,,
1992-09-29 00:00:00,,,,,,
1992-09-30 00:00:00,,,,,,
1992-10-01 00:00:00,,,,,,
1992-10-02 00:00:00,,,,,,
1992-10-05 00:00:00,,,,,,
1992-10-06 00:00:00,,,,,,
1992-10-07 00:00:00,,,,,,
1992-10-08 00:00:00,,,,,,
1992-10-09 00:00:00,,,,,,
1992-10-12 00:00:00,,,,,,
1992-10-13 00:00:00,,,,,,
1992-10-14 00:00:00,,,,,,
1992-10-15 00:00:00,,,,,,
1992-10-16 00:00:00,,,,,,
1992-10-19 00:00:00,,,,,,
1992-10-20 00:00:00,,,,,,
1992-10-21 00:00:00,,,,,,
1992-10-22 00:00:00,,,,,,
1992-10-23 00:00:00,,,,,,
1992-10-26 00:00:00,,,,,,
1992-10-27 00:00:00,,,,,,
1992-10-28 00:00:00,,,,,,
1992-10-29 00:00:00,,,,,,
1992-10-30 00:00:00,,,,,,
1992-11-02 00:00:00,,,,,,
1992-11-03 00:00:00,,,,,,
1992-11-04 00:00:00,,,,,,
1992-11-05 00:00:00,,,,,,
1992-11-06 00:00:00,,,,,,
1992-11-09 00:00:00,,,,,,
1992-11-10 00:00:00,,,,,,
1992-11-11 00:00:00,,,,,,
1992-11-12 00:00:00,,,,,,
1992-11-13 00:00:00,,,,,,
1992-11-16 00:00:00,,,,,,
1992-11-17 00:00:00,,,,,,
1992-11-18 00:00:00,,,,,,
1992-11-19 00:00:00,,,,,,
1992-11-20 00:00:00,,,,,,
1992-11-23 00:00:00,,,,,,
1992-11-24 00:00:00,,,,,,
1992-11-25 00:00:00,,,,,,
1992-11-27 00:00:00,,,,,,
1992-11-30 00:00:00,,,,,,
1992-12-01 00:00:00,,,,,,
1992-12-02 00:00:00,,,,,,
1992-12-03 00:00:00,,,,,,
1992-12-04 00:00:00,,,,,,
1992-12-07 00:00:00,,,,,,
1992-12-08 00:00:00,,,,,,
1992-12-09 00:00:00,,,,,,
1992-12-10 00:00:00,,,,,,
1992-12-11 00:00:00,,,,,,
1992-12-14 00:00:00,,,,,,
1992-12-15 00:00:00,,,,,,
1992-12-16 00:00:00,,,,,,
1992-12-17 00:00:00,,,,,,
1992-12-18 00:00:00,,,,,,
1992-12-21 00:00:00,,,,,,
1992-12-22 00:00:00,,,,,,
1992-12-23 00:00:00,,,,,,
1992-12-24 00:00:00,,,,,,
1992-12-28 00:00:00,,,,,,
1992-12-29 00:00:00,,,,,,
1992-12-30 00:00:00,,,,,,
1992-12-31 00:00:00,,,,,,
1993-01-04 00:00:00,,,,,,
1993-01-05 00:00:00,,,,,,
1993-01-06 00:00:00,,,,,,
1993-01-07 00:00:00,,,,,,
1993-01-08 00:00:00,,,,,,
1993-01-11 00:00:00,,,,,,
1993-01-12 00:00:00,,,,,,
1993-01-13 00:00:00,,,,,,
1993-01-14 00:00:00,,,,,,
1993-01-15 00:00:00,,,,,,
1993-01-18 00:00:00,,,,,,
1993-01-19 00:00:00,,,,,,
1993-01-20 00:00:00,,,,,,
1993-01-21 00:00:00,,,,,,
1993-01-22 00:00:00,,,,,,
1993-01-25 00:00:00,,,,,,
1993-01-26 00:00:00,,,,,,
1993-01-27 00:00:00,,,,,,
1993-01-28 00:00:00,,,,,,
1993-01-29 00:00:00,,,,,,
1993-02-01 00:00:00,,,,,,
1993-02-02 00:00:00,,,,,,
1993-02-03 00:00:00,,,,,,
1993-02-04 00:00:00,,,,,,
1993-02-05 00:00:00,,,,,,
1993-02-08 00:00:00,,,,,,
1993-02-09 00:00:00,,,,,,
1993-02-10 00:00:00,,,,,,
1993-02-11 00:00:00,,,,,,
1993-02-12 00:00:00,,,,,,
1993-02-16 00:00:00,,,,,,
1993-02-17 00:00:00,,,,,,
1993-02-18 00:00:00,,,,,,
1993-02-19 00:00:00,,,,,,
1993-02-22 00:00:00,,,,,,
1993-02-23 00:00:00,,,,,,
1993-02-24 00:00:00,,,,,,
1993-02-25 00:00:00,,,,,,
1993-02-26 00:00:00,,,,,,
1993-03-01 00:00:00,,,,,,
1993-03-02 00:00:00,,,,,,
1993-03-03 00:00:00,,,,,,
1993-03-04 00:00:00,,,,,,
1993-03-05 00:00:00,,,,,,
1993-03-08 00:00:00,,,,,,
1993-03-09 00:00:00,,,,,,
1993-03-10 00:00:00,,,,,,
1993-03-11 00:00:00,,,,,,
1993-03-12 00:00:00,,,,,,
1993-03-15 00:00:00,,,,,,
1993-03-16 00:00:00,,,,,,
1993-03-17 00:00:00,,,,,,
1993-03-18 00:00:00,,,,,,
1993-03-19 00:00:00,,,,,,
1993-03-22 00:00:00,,,,,,
1993-03-23 00:00:00,,,,,,
1993-03-24 00:00:00,,,,,,
1993-03-25 00:00:00,,,,,,
1993-03-26 00:00:00,,,,,,
1993-03-29 00:00:00,,,,,,
1993-03-30 00:00:00,,,,,,
1993-03-31 00:00:00,,,,,,
1993-04-01 00:00:00,,,,,,
1993-04-02 00:00:00,,,,,,
1993-04-05 00:00:00,,,,,,
1993-04-06 00:00:00,,,,,,
1993-04-07 00:00:00,,,,,,
1993-04-08 00:00:00,,,,,,
1993-04-12 00:00:00,,,,,,
1993-04-13 00:00:00,,,,,,
1993-04-14 00:00:00,,,,,,
1993-04-15 00:00:00,,,,,,
1993-04-16 00:00:00,,,,,,
1993-04-19 00:00:00,,,,,,
1993-04-20 00:00:00,,,,,,
1993-04-21 00:00:00,,,,,,
1993-04-22 00:00:00,,,,,,
1993-04-23 00:00:00,,,,,,
1993-04-26 00:00:00,,,,,,
1993-04-27 00:00:00,,,,,,
1993-04-28 00:00:00,,,,,,
1993-04-29 00:00:00,,,,,,
1993-04-30 00:00:00,,,,,,
1993-05-03 00:00:00,,,,,,
1993-05-04 00:00:00,,,,,,
1993-05-05 00:00:00,,,,,,
1993-05-06 00:00:00,,,,,,
1993-05-07 00:00:00,,,,,,
1993-05-10 00:00:00,,,,,,
1993-05-11 00:00:00,,,,,,
1993-05-12 00:00:00,,,,,,
1993-05-13 00:00:00,,,,,,
1993-05-14 00:00:00,,,,,,
1993-05-17 00:00:00,,,,,,
1993-05-18 00:00:00,,,,,,
1993-05-19 00:00:00,,,,,,
1993-05-20 00:00:00,,,,,,
1993-05-21 00:00:00,,,,,,
1993-05-24 00:00:00,,,,,,
1993-05-25 00:00:00,,,,,,
1993-05-26 00:00:00,,,,,,
1993-05-27 00:00:00,,,,,,
1993-05-28 00:00:00,,,,,,
1993-06-01 00:00:00,,,,,,
1993-06-02 00:00:00,,,,,,
1993-06-03 00:00:00,,,,,,
1993-06-04 00:00:00,,,,,,
1993-06-07 00:00:00,,,,,,
1993-06-08 00:00:00,,,,,,
1993-06-09 00:00:00,,,,,,
1993-06-10 00:00:00,,,,,,
1993-06-11 00:00:00,,,,,,
1993-06-14 00:00:00,,,,,,
1993-06-15 00:00:00,,,,,,
1993-06-16 00:00:00,,,,,,
1993-06-17 00:00:00,,,,,,
1993-06-18 00:00:00,,,,,,
1993-06-21 00:00:00,,,,,,
1993-06-22 00:00:00,,,,,,
1993-06-23 00:00:00,,,,,,
1993-06-24 00:00:00,,,,,,
1993-06-25 00:00:00,,,,,,
1993-06-28 00:00:00,,,,,,
1993-06-29 00:00:00,,,,,,
1993-06-30 00:00:00,,,,,,
1993-07-01 00:00:00,,,,,,
1993-07-02 00:00:00,,,,,,
1993-07-06 00:00:00,,,,,,
1993-07-07 00:00:00,,,,,,
1993-07-08 00:00:00,,,,,,
1993-07-09 00:00:00,,,,,,
1993-07-12 00:00:00,,,,,,
1993-07-13 00:00:00,,,,,,
1993-07-14 00:00:00,,,,,,
1993-07-15 00:00:00,,,,,,
1993-07-16 00:00:00,,,,,,
1993-07-19 00:00:00,,,,,,
1993-07-20 00:00:00,,,,,,
1993-07-21 00:00:00,,,,,,
1993-07-22 00:00:00,,,,,,
1993-07-23 00:00:00,,,,,,
1993-07-26 00:00:00,,,,,,
1993-07-27 00:00:00,,,,,,
1993-07-28 00:00:00,,,,,,
1993-07-29 00:00:00,,,,,,
1993-07-30 00:00:00,,,,,,
1993-08-02 00:00:00,,,,,,
1993-08-03 00:00:00,,,,,,
1993-08-04 00:00:00,,,,,,
1993-08-05 00:00:00,,,,,,
1993-08-06 00:00:00,,,,,,
1993-08-09 00:00:00,,,,,,
1993-08-10 00:00:00,,,,,,
1993-08-11 00:00:00,,,,,,
1993-08-12 00:00:00,,,,,,
1993-08-13 00:00:00,,,,,,
1993-08-16 00:00:00,,,,,,
1993-08-17 00:00:00,,,,,,
1993-08-18 00:00:00,,,,,,
1993-08-19 00:00:00,,,,,,
1993-08-20 00:00:00,,,,,,
1993-08-23 00:00:00,,,,,,
1993-08-24 00:00:00,,,,,,
1993-08-25 00:00:00,,,,,,
1993-08-26 00:00:00,,,,,,
1993-08-27 00:00:00,,,,,,
1993-08-30 00:00:00,,,,,,
1993-08-31 00:00:00,,,,,,
1993-09-01 00:00:00,,,,,,
1993-09-02 00:00:00,,,,,,
1993-09-03 00:00:00,,,,,,
1993-09-07 00:00:00,,,,,,
1993-09-08 00:00:00,,,,,,
1993-09-09 00:00:00,,,,,,
1993-09-10 00:00:00,,,,,,
1993-09-13 00:00:00,,,,,,
1993-09-14 00:00:00,,,,,,
1993-09-15 00:00:00,,,,,,
1993-09-16 00:00:00,,,,,,
1993-09-17 00:00:00,,,,,,
1993-09-20 00:00:00,,,,,,
1993-09-21 00:00:00,,,,,,
1993-09-22 00:00:00,,,,,,
1993-09-23 00:00:00,,,,,,
1993-09-24 00:00:00,,,,,,
1993-09-27 00:00:00,,,,,,
1993-09-28 00:00:00,,,,,,
1993-09-29 00:00:00,,,,,,
1993-09-30 00:00:00,,,,,,
1993-10-01 00:00:00,,,,,,
1993-10-04 00:00:00,,,,,,
1993-10-05 00:00:00,,,,,,
1993-10-06 00:00:00,,,,,,
1993-10-07 00:00:00,,,,,,
1993-10-08 00:00:00,,,,,,
1993-10-11 00:00:00,,,,,,
1993-10-12 00:00:00,,,,,,
1993-10-13 00:00:00,,,,,,
1993-10-14 00:00:00,,,,,,
1993-10-15 00:00:00,,,,,,
1993-10-18 00:00:00,,,,,,
1993-10-19 00:00:00,,,,,,
1993-10-20 00:00:00,,,,,,
1993-10-21 00:00:00,,,,,,
1993-10-22 00:00:00,,,,,,
1993-10-25 00:00:00,,,,,,
1993-10-26 00:00:00,,,,,,
1993-10-27 00:00:00,,,,,,
1993-10-28 00:00:00,,,,,,
1993-10-29 00:00:00,,,,,,
1993-11-01 00:00:00,,,,,,
1993-11-02 00:00:00,,,,,,
1993-11-03 00:00:00,,,,,,
1993-11-04 00:00:00,,,,,,
1993-11-05 00:00:00,,,,,,
1993-11-08 00:00:00,,,,,,
1993-11-09 00:00:00,,,,,,
1993-11-10 00:00:00,,,,,,
1993-11-11 00:00:00,,,,,,
1993-11-12 00:00:00,,,,,,
1993-11-15 00:00:00,,,,,,
1993-11-16 00:00:00,,,,,,
1993-11-17 00:00:00,,,,,,
1993-11-18 00:00:00,,,,,,
1993-11-19 00:00:00,,,,,,
1993-11-22 00:00:00,,,,,,
1993-11-23 00:00:00,,,,,,
1993-11-24 00:00:00,,,,,,
1993-11-26 00:00:00,,,,,,
1993-11-29 00:00:00,,,,,,
1993-11-30 00:00:00,,,,,,
1993-12-01 00:00:00,,,,,,
1993-12-02 00:00:00,,,,,,
1993-12-03 00:00:00,,,,,,
1993-12-06 00:00:00,,,,,,
1993-12-07 00:00:00,,,,,,
1993-12-08 00:00:00,,,,,,
1993-12-09 00:00:00,,,,,,
1993-12-10 00:00:00,,,,,,
1993-12-13 00:00:00,,,,,,
1993-12-14 00:00:00,,,,,,
1993-12-15 00:00:00,,,,,,
1993-12-16 00:00:00,,,,,,
1993-12-17 00:00:00,,,,,,
1993-12-20 00:00:00,,,,,,
1993-12-21 00:00:00,,,,,,
1993-12-22 00:00:00,,,,,,
1993-12-23 00:00:00,,,,,,
1993-12-27 00:00:00,,,,,,
1993-12-28 00:00:00,,,,,,
1993-12-29 00:00:00,,,,,,
1993-12-30 00:00:00,,,,,,
1993-12-31 00:00:00,,,,,,
1994-01-03 00:00:00,,,,,,
1994-01-04 00:00:00,,,,,,
1994-01-05 00:00:00,,,,,,
1994-01-06 00:00:00,,,,,,
1994-01-07 00:00:00,,,,,,
1994-01-10 00:00:00,,,,,,
1994-01-11 00:00:00,,,,,,
1994-01-12 00:00:00,,,,,,
1994-01-13 00:00:00,,,,,,
1994-01-14 00:00:00,,,,,,
1994-01-17 00:00:00,,,,,,
1994-01-18 00:00:00,,,,,,
1994-01-19 00:00:00,,,,,,
1994-01-20 00:00:00,,,,,,
1994-01-21 00:00:00,,,,,,
1994-01-24 00:00:00,,,,,,
1994-01-25 00:00:00,,,,,,
1994-01-26 00:00:00,,,,,,
1994-01-27 00:00:00,,,,,,
1994-01-28 00:00:00,,,,,,
1994-01-31 00:00:00,,,,,,
1994-02-01 00:00:00,,,,,,
1994-02-02 00:00:00,,,,,,
1994-02-03 00:00:00,,,,,,
1994-02-04 00:00:00,,,,,,
1994-02-07 00:00:00,,,,,,
1994-02-08 00:00:00,,,,,,
1994-02-09 00:00:00,,,,,,
1994-02-10 00:00:00,,,,,,
1994-02-11 00:00:00,,,,,,
1994-02-14 00:00:00,,,,,,
1994-02-15 00:00:00,,,,,,
1994-02-16 00:00:00,,,,,,
1994-02-17 00:00:00,,,,,,
1994-02-18 00:00:00,,,,,,
1994-02-22 00:00:00,,,,,,
1994-02-23 00:00:00,,,,,,
1994-02-24 00:00:00,,,,,,
1994-02-25 00:00:00,,,,,,
1994-02-28 00:00:00,,,,,,
1994-03-01 00:00:00,,,,,,
1994-03-02 00:00:00,,,,,,
1994-03-03 00:00:00,,,,,,
1994-03-04 00:00:00,,,,,,
1994-03-07 00:00:00,,,,,,
1994-03-08 00:00:00,,,,,,
1994-03-09 00:00:00,,,,,,
1994-03-10 00:00:00,,,,,,
1994-03-11 00:00:00,,,,,,
1994-03-14 00:00:00,,,,,,
1994-03-15 00:00:00,,,,,,
1994-03-16 00:00:00,,,,,,
1994-03-17 00:00:00,,,,,,
1994-03-18 00:00:00,,,,,,
1994-03-21 00:00:00,,,,,,
1994-03-22 00:00:00,,,,,,
1994-03-23 00:00:00,,,,,,
1994-03-24 00:00:00,,,,,,
1994-03-25 00:00:00,,,,,,
1994-03-28 00:00:00,,,,,,
1994-03-29 00:00:00,,,,,,
1994-03-30 00:00:00,,,,,,
1994-03-31 00:00:00,,,,,,
1994-04-04 00:00:00,,,,,,
1994-04-05 00:00:00,,,,,,
1994-04-06 00:00:00,,,,,,
1994-04-07 00:00:00,,,,,,
1994-04-08 00:00:00,,,,,,
1994-04-11 00:00:00,,,,,,
1994-04-12 00:00:00,,,,,,
1994-04-13 00:00:00,,,,,,
1994-04-14 00:00:00,,,,,,
1994-04-15 00:00:00,,,,,,
1994-04-18 00:00:00,,,,,,
1994-04-19 00:00:00,,,,,,
1994-04-20 00:00:00,,,,,,
1994-04-21 00:00:00,,,,,,
1994-04-22 00:00:00,,,,,,
1994-04-25 00:00:00,,,,,,
1994-04-26 00:00:00,,,,,,
1994-04-27 00:00:00,,,,,,
1994-04-28 00:00:00,,,,,,
1994-04-29 00:00:00,,,,,,
1994-05-02 00:00:00,,,,,,
1994-05-03 00:00:00,,,,,,
1994-05-04 00:00:00,,,,,,
1994-05-05 00:00:00,,,,,,
1994-05-06 00:00:00,,,,,,
1994-05-09 00:00:00,,,,,,
1994-05-10 00:00:00,,,,,,
1994-05-11 00:00:00,,,,,,
1994-05-12 00:00:00,,,,,,
1994-05-13 00:00:00,,,,,,
1994-05-16 00:00:00,,,,,,
1994-05-17 00:00:00,,,,,,
1994-05-18 00:00:00,,,,,,
1994-05-19 00:00:00,,,,,,
1994-05-20 00:00:00,,,,,,
1994-05-23 00:00:00,,,,,,
1994-05-24 00:00:00,,,,,,
1994-05-25 00:00:00,,,,,,
1994-05-26 00:00:00,,,,,,
1994-05-27 00:00:00,,,,,,
1994-05-31 00:00:00,,,,,,
1994-06-01 00:00:00,,,,,,
1994-06-02 00:00:00,,,,,,
1994-06-03 00:00:00,,,,,,
1994-06-06 00:00:00,,,,,,
1994-06-07 00:00:00,,,,,,
1994-06-08 00:00:00,,,,,,
1994-06-09 00:00:00,,,,,,
1994-06-10 00:00:00,,,,,,
1994-06-13 00:00:00,,,,,,
1994-06-14 00:00:00,,,,,,
1994-06-15 00:00:00,,,,,,
1994-06-16 00:00:00,,,,,,
1994-06-17 00:00:00,,,,,,
1994-06-20 00:00:00,,,,,,
1994-06-21 00:00:00,,,,,,
1994-06-22 00:00:00,,,,,,
1994-06-23 00:00:00,,,,,,
1994-06-24 00:00:00,,,,,,
1994-06-27 00:00:00,,,,,,
1994-06-28 00:00:00,,,,,,
1994-06-29 00:00:00,,,,,,
1994-06-30 00:00:00,,,,,,
1994-07-01 00:00:00,,,,,,
1994-07-05 00:00:00,,,,,,
1994-07-06 00:00:00,,,,,,
1994-07-07 00:00:00,,,,,,
1994-07-08 00:00:00,,,,,,
1994-07-11 00:00:00,,,,,,
1994-07-12 00:00:00,,,,,,
1994-07-13 00:00:00,,,,,,
1994-07-14 00:00:00,,,,,,
1994-07-15 00:00:00,,,,,,
1994-07-18 00:00:00,,,,,,
1994-07-19 00:00:00,,,,,,
1994-07-20 00:00:00,,,,,,
1994-07-21 00:00:00,,,,,,
1994-07-22 00:00:00,,,,,,
1994-07-25 00:00:00,,,,,,
1994-07-26 00:00:00,,,,,,
1994-07-27 00:00:00,,,,,,
1994-07-28 00:00:00,,,,,,
1994-07-29 00:00:00,,,,,,
1994-08-01 00:00:00,,,,,,
1994-08-02 00:00:00,,,,,,
1994-08-03 00:00:00,,,,,,
1994-08-04 00:00:00,,,,,,
1994-08-05 00:00:00,,,,,,
1994-08-08 00:00:00,,,,,,
1994-08-09 00:00:00,,,,,,
1994-08-10 00:00:00,,,,,,
1994-08-11 00:00:00,,,,,,
1994-08-12 00:00:00,,,,,,
1994-08-15 00:00:00,,,,,,
1994-08-16 00:00:00,,,,,,
1994-08-17 00:00:00,,,,,,
1994-08-18 00:00:00,,,,,,
1994-08-19 00:00:00,,,,,,
1994-08-22 00:00:00,,,,,,
1994-08-23 00:00:00,,,,,,
1994-08-24 00:00:00,,,,,,
1994-08-25 00:00:00,,,,,,
1994-08-26 00:00:00,,,,,,
1994-08-29 00:00:00,,,,,,
1994-08-30 00:00:00,,,,,,
1994-08-31 00:00:00,,,,,,
1994-09-01 00:00:00,,,,,,
1994-09-02 00:00:00,,,,,,
1994-09-06 00:00:00,,,,,,
1994-09-07 00:00:00,,,,,,
1994-09-08 00:00:00,,,,,,
1994-09-09 00:00:00,,,,,,
1994-09-12 00:00:00,,,,,,
1994-09-13 00:00:00,,,,,,
1994-09-14 00:00:00,,,,,,
1994-09-15 00:00:00,,,,,,
1994-09-16 00:00:00,,,,,,
1994-09-19 00:00:00,,,,,,
1994-09-20 00:00:00,,,,,,
1994-09-21 00:00:00,,,,,,
1994-09-22 00:00:00,,,,,,
1994-09-23 00:00:00,,,,,,
1994-09-26 00:00:00,,,,,,
1994-09-27 00:00:00,,,,,,
1994-09-28 00:00:00,,,,,,
1994-09-29 00:00:00,,,,,,
1994-09-30 00:00:00,,,,,,
1994-10-03 00:00:00,,,,,,
1994-10-04 00:00:00,,,,,,
1994-10-05 00:00:00,,,,,,
1994-10-06 00:00:00,,,,,,
1994-10-07 00:00:00,,,,,,
1994-10-10 00:00:00,,,,,,
1994-10-11 00:00:00,,,,,,
1994-10-12 00:00:00,,,,,,
1994-10-13 00:00:00,,,,,,
1994-10-14 00:00:00,,,,,,
1994-10-17 00:00:00,,,,,,
1994-10-18 00:00:00,,,,,,
1994-10-19 00:00:00,,,,,,
1994-10-20 00:00:00,,,,,,
1994-10-21 00:00:00,,,,,,
1994-10-24 00:00:00,,,,,,
1994-10-25 00:00:00,,,,,,
1994-10-26 00:00:00,,,,,,
1994-10-27 00:00:00,,,,,,
1994-10-28 00:00:00,,,,,,
1994-10-31 00:00:00,,,,,,
1994-11-01 00:00:00,,,,,,
1994-11-02 00:00:00,,,,,,
1994-11-03 00:00:00,,,,,,
1994-11-04 00:00:00,,,,,,
1994-11-07 00:00:00,,,,,,
1994-11-08 00:00:00,,,,,,
1994-11-09 00:00:00,,,,,,
1994-11-10 00:00:00,,,,,,
1994-11-11 00:00:00,,,,,,
1994-11-14 00:00:00,,,,,,
1994-11-15 00:00:00,,,,,,
1994-11-16 00:00:00,,,,,,
1994-11-17 00:00:00,,,,,,
1994-11-18 00:00:00,,,,,,
1994-11-21 00:00:00,,,,,,
1994-11-22 00:00:00,,,,,,
1994-11-23 00:00:00,,,,,,
1994-11-25 00:00:00,,,,,,
1994-11-28 00:00:00,,,,,,
1994-11-29 00:00:00,,,,,,
1994-11-30 00:00:00,,,,,,
1994-12-01 00:00:00,,,,,,
1994-12-02 00:00:00,,,,,,
1994-12-05 00:00:00,,,,,,
1994-12-06 00:00:00,,,,,,
1994-12-07 00:00:00,,,,,,
1994-12-08 00:00:00,,,,,,
1994-12-09 00:00:00,,,,,,
1994-12-12 00:00:00,,,,,,
1994-12-13 00:00:00,,,,,,
1994-12-14 00:00:00,,,,,,
1994-12-15 00:00:00,,,,,,
1994-12-16 00:00:00,,,,,,
1994-12-19 00:00:00,,,,,,
1994-12-20 00:00:00,,,,,,
1994-12-21 00:00:00,,,,,,
1994-12-22 00:00:00,,,,,,
1994-12-23 00:00:00,,,,,,
1994-12-27 00:00:00,,,,,,
1994-12-28 00:00:00,,,,,,
1994-12-29 00:00:00,,,,,,
1994-12-30 00:00:00,,,,,,
1995-01-03 00:00:00,,,,,,
1995-01-04 00:00:00,,,,,,
1995-01-05 00:00:00,,,,,,
1995-01-06 00:00:00,,,,,,
1995-01-09 00:00:00,,,,,,
1995-01-10 00:00:00,,,,,,
1995-01-11 00:00:00,,,,,,
1995-01-12 00:00:00,,,,,,
1995-01-13 00:00:00,,,,,,
1995-01-16 00:00:00,,,,,,
1995-01-17 00:00:00,,,,,,
1995-01-18 00:00:00,,,,,,
1995-01-19 00:00:00,,,,,,
1995-01-20 00:00:00,,,,,,
1995-01-23 00:00:00,,,,,,
1995-01-24 00:00:00,,,,,,
1995-01-25 00:00:00,,,,,,
1995-01-26 00:00:00,,,,,,
1995-01-27 00:00:00,,,,,,
1995-01-30 00:00:00,,,,,,
1995-01-31 00:00:00,,,,,,
1995-02-01 00:00:00,,,,,,
1995-02-02 00:00:00,,,,,,
1995-02-03 00:00:00,,,,,,
1995-02-06 00:00:00,,,,,,
1995-02-07 00:00:00,,,,,,
1995-02-08 00:00:00,,,,,,
1995-02-09 00:00:00,,,,,,
1995-02-10 00:00:00,,,,,,
1995-02-13 00:00:00,,,,,,
1995-02-14 00:00:00,,,,,,
1995-02-15 00:00:00,,,,,,
1995-02-16 00:00:00,,,,,,
1995-02-17 00:00:00,,,,,,
1995-02-21 00:00:00,,,,,,
1995-02-22 00:00:00,,,,,,
1995-02-23 00:00:00,,,,,,
1995-02-24 00:00:00,,,,,,
1995-02-27 00:00:00,,,,,,
1995-02-28 00:00:00,,,,,,
1995-03-01 00:00:00,,,,,,
1995-03-02 00:00:00,,,,,,
1995-03-03 00:00:00,,,,,,
1995-03-06 00:00:00,,,,,,
1995-03-07 00:00:00,,,,,,
1995-03-08 00:00:00,,,,,,
1995-03-09 00:00:00,,,,,,
1995-03-10 00:00:00,,,,,,
1995-03-13 00:00:00,,,,,,
1995-03-14 00:00:00,,,,,,
1995-03-15 00:00:00,,,,,,
1995-03-16 00:00:00,,,,,,
1995-03-17 00:00:00,,,,,,
1995-03-20 00:00:00,,,,,,
1995-03-21 00:00:00,,,,,,
1995-03-22 00:00:00,,,,,,
1995-03-23 00:00:00,,,,,,
1995-03-24 00:00:00,,,,,,
1995-03-27 00:00:00,,,,,,
1995-03-28 00:00:00,,,,,,
1995-03-29 00:00:00,,,,,,
1995-03-30 00:00:00,,,,,,
1995-03-31 00:00:00,,,,,,
1995-04-03 00:00:00,,,,,,
1995-04-04 00:00:00,,,,,,
1995-04-05 00:00:00,,,,,,
1995-04-06 00:00:00,,,,,,
1995-04-07 00:00:00,,,,,,
1995-04-10 00:00:00,,,,,,
1995-04-11 00:00:00,,,,,,
1995-04-12 00:00:00,,,,,,
1995-04-13 00:00:00,,,,,,
1995-04-17 00:00:00,,,,,,
1995-04-18 00:00:00,,,,,,
1995-04-19 00:00:00,,,,,,
1995-04-20 00:00:00,,,,,,
1995-04-21 00:00:00,,,,,,
1995-04-24 00:00:00,,,,,,
1995-04-25 00:00:00,,,,,,
1995-04-26 00:00:00,,,,,,
1995-04-27 00:00:00,,,,,,
1995-04-28 00:00:00,,,,,,
1995-05-01 00:00:00,,,,,,
1995-05-02 00:00:00,,,,,,
1995-05-03 00:00:00,,,,,,
1995-05-04 00:00:00,,,,,,
1995-05-05 00:00:00,,,,,,
1995-05-08 00:00:00,,,,,,
1995-05-09 00:00:00,,,,,,
1995-05-10 00:00:00,,,,,,
1995-05-11 00:00:00,,,,,,
1995-05-12 00:00:00,,,,,,
1995-05-15 00:00:00,,,,,,
1995-05-16 00:00:00,,,,,,
1995-05-17 00:00:00,,,,,,
1995-05-18 00:00:00,,,,,,
1995-05-19 00:00:00,,,,,,
1995-05-22 00:00:00,,,,,,
1995-05-23 00:00:00,,,,,,
1995-05-24 00:00:00,,,,,,
1995-05-25 00:00:00,,,,,,
1995-05-26 00:00:00,,,,,,
1995-05-30 00:00:00,,,,,,
1995-05-31 00:00:00,,,,,,
1995-06-01 00:00:00,,,,,,
1995-06-02 00:00:00,,,,,,
1995-06-05 00:00:00,,,,,,
1995-06-06 00:00:00,,,,,,
1995-06-07 00:00:00,,,,,,
1995-06-08 00:00:00,,,,,,
1995-06-09 00:00:00,,,,,,
1995-06-12 00:00:00,,,,,,
1995-06-13 00:00:00,,,,,,
1995-06-14 00:00:00,,,,,,
1995-06-15 00:00:00,,,,,,
1995-06-16 00:00:00,,,,,,
1995-06-19 00:00:00,,,,,,
1995-06-20 00:00:00,,,,,,
1995-06-21 00:00:00,,,,,,
1995-06-22 00:00:00,,,,,,
1995-06-23 00:00:00,,,,,,
1995-06-26 00:00:00,,,,,,
1995-06-27 00:00:00,,,,,,
1995-06-28 00:00:00,,,,,,
1995-06-29 00:00:00,,,,,,
1995-06-30 00:00:00,,,,,,
1995-07-03 00:00:00,,,,,,
1995-07-05 00:00:00,,,,,,
1995-07-06 00:00:00,,,,,,
1995-07-07 00:00:00,,,,,,
1995-07-10 00:00:00,,,,,,
1995-07-11 00:00:00,,,,,,
1995-07-12 00:00:00,,,,,,
1995-07-13 00:00:00,,,,,,
1995-07-14 00:00:00,,,,,,
1995-07-17 00:00:00,,,,,,
1995-07-18 00:00:00,,,,,,
1995-07-19 00:00:00,,,,,,
1995-07-20 00:00:00,,,,,,
1995-07-21 00:00:00,,,,,,
1995-07-24 00:00:00,,,,,,
1995-07-25 00:00:00,,,,,,
1995-07-26 00:00:00,,,,,,
1995-07-27 00:00:00,,,,,,
1995-07-28 00:00:00,,,,,,
1995-07-31 00:00:00,,,,,,
1995-08-01 00:00:00,,,,,,
1995-08-02 00:00:00,,,,,,
1995-08-03 00:00:00,,,,,,
1995-08-04 00:00:00,,,,,,
1995-08-07 00:00:00,,,,,,
1995-08-08 00:00:00,,,,,,
1995-08-09 00:00:00,,,,,,
1995-08-10 00:00:00,,,,,,
1995-08-11 00:00:00,,,,,,
1995-08-14 00:00:00,,,,,,
1995-08-15 00:00:00,,,,,,
1995-08-16 00:00:00,,,,,,
1995-08-17 00:00:00,,,,,,
1995-08-18 00:00:00,,,,,,
1995-08-21 00:00:00,,,,,,
1995-08-22 00:00:00,,,,,,
1995-08-23 00:00:00,,,,,,
1995-08-24 00:00:00,,,,,,
1995-08-25 00:00:00,,,,,,
1995-08-28 00:00:00,,,,,,
1995-08-29 00:00:00,,,,,,
1995-08-30 00:00:00,,,,,,
1995-08-31 00:00:00,,,,,,
1995-09-01 00:00:00,,,,,,
1995-09-04 00:00:00,,,,,,
1995-09-05 00:00:00,,,,,,
1995-09-06 00:00:00,,,,,,
1995-09-07 00:00:00,,,,,,
1995-09-08 00:00:00,,,,,,
1995-09-11 00:00:00,,,,,,
1995-09-12 00:00:00,,,,,,
1995-09-13 00:00:00,,,,,,
1995-09-14 00:00:00,,,,,,
1995-09-15 00:00:00,,,,,,
1995-09-18 00:00:00,,,,,,
1995-09-19 00:00:00,,,,,,
1995-09-20 00:00:00,,,,,,
1995-09-21 00:00:00,,,,,,
1995-09-22 00:00:00,,,,,,
1995-09-25 00:00:00,,,,,,
1995-09-26 00:00:00,,,,,,
1995-09-27 00:00:00,,,,,,
1995-09-28 00:00:00,,,,,,
1995-09-29 00:00:00,,,,,,
1995-10-02 00:00:00,,,,,,
1995-10-03 00:00:00,,,,,,
1995-10-04 00:00:00,,,,,,
1995-10-05 00:00:00,,,,,,
1995-10-06 00:00:00,,,,,,
1995-10-09 00:00:00,,,,,,
1995-10-10 00:00:00,,,,,,
1995-10-11 00:00:00,,,,,,
1995-10-12 00:00:00,,,,,,
1995-10-13 00:00:00,,,,,,
1995-10-16 00:00:00,,,,,,
1995-10-17 00:00:00,,,,,,
1995-10-18 00:00:00,,,,,,
1995-10-19 00:00:00,,,,,,
1995-10-20 00:00:00,,,,,,
1995-10-23 00:00:00,,,,,,
1995-10-24 00:00:00,,,,,,
1995-10-25 00:00:00,,,,,,
1995-10-26 00:00:00,,,,,,
1995-10-27 00:00:00,,,,,,
1995-10-30 00:00:00,,,,,,
1995-10-31 00:00:00,,,,,,
1995-11-01 00:00:00,,,,,,
1995-11-02 00:00:00,,,,,,
1995-11-03 00:00:00,,,,,,
1995-11-06 00:00:00,,,,,,
1995-11-07 00:00:00,,,,,,
1995-11-08 00:00:00,,,,,,
1995-11-09 00:00:00,,,,,,
1995-11-10 00:00:00,,,,,,
1995-11-13 00:00:00,,,,,,
1995-11-14 00:00:00,,,,,,
1995-11-15 00:00:00,,,,,,
1995-11-16 00:00:00,,,,,,
1995-11-17 00:00:00,,,,,,
1995-11-20 00:00:00,,,,,,
1995-11-21 00:00:00,,,,,,
1995-11-22 00:00:00,,,,,,
1995-11-24 00:00:00,,,,,,
1995-11-27 00:00:00,,,,,,
1995-11-28 00:00:00,,,,,,
1995-11-29 00:00:00,,,,,,
1995-11-30 00:00:00,,,,,,
1995-12-01 00:00:00,,,,,,
1995-12-04 00:00:00,,,,,,
1995-12-05 00:00:00,,,,,,
1995-12-06 00:00:00,,,,,,
1995-12-07 00:00:00,,,,,,
1995-12-08 00:00:00,,,,,,
1995-12-11 00:00:00,,,,,,
1995-12-12 00:00:00,,,,,,
1995-12-13 00:00:00,,,,,,
1995-12-14 00:00:00,,,,,,
1995-12-15 00:00:00,,,,,,
1995-12-18 00:00:00,,,,,,
1995-12-19 00:00:00,,,,,,
1995-12-20 00:00:00,,,,,,
1995-12-21 00:00:00,,,,,,
1995-12-22 00:00:00,,,,,,
1995-12-26 00:00:00,,,,,,
1995-12-27 00:00:00,,,,,,
1995-12-28 00:00:00,,,,,,
1995-12-29 00:00:00,,,,,,
1996-01-01 00:00:00,,,,,,
1996-01-02 00:00:00,,,,,,
1996-01-03 00:00:00,,,,,,
1996-01-04 00:00:00,,,,,,
1996-01-05 00:00:00,,,,,,
1996-01-08 00:00:00,,,,,,
1996-01-09 00:00:00,,,,,,
1996-01-10 00:00:00,,,,,,
1996-01-11 00:00:00,,,,,,
1996-01-12 00:00:00,,,,,,
1996-01-15 00:00:00,,,,,,
1996-01-16 00:00:00,,,,,,
1996-01-17 00:00:00,,,,,,
1996-01-18 00:00:00,,,,,,
1996-01-19 00:00:00,,,,,,
1996-01-22 00:00:00,,,,,,
1996-01-23 00:00:00,,,,,,
1996-01-24 00:00:00,,,,,,
1996-01-25 00:00:00,,,,,,
1996-01-26 00:00:00,,,,,,
1996-01-29 00:00:00,,,,,,
1996-01-30 00:00:00,,,,,,
1996-01-31 00:00:00,,,,,,
1996-02-01 00:00:00,,,,,,
1996-02-02 00:00:00,,,,,,
1996-02-05 00:00:00,,,,,,
1996-02-06 00:00:00,,,,,,
1996-02-07 00:00:00,,,,,,
1996-02-08 00:00:00,,,,,,
1996-02-09 00:00:00,,,,,,
1996-02-12 00:00:00,,,,,,
1996-02-13 00:00:00,,,,,,
1996-02-14 00:00:00,,,,,,
1996-02-15 00:00:00,,,,,,
1996-02-16 00:00:00,,,,,,
1996-02-20 00:00:00,,,,,,
1996-02-21 00:00:00,,,,,,
1996-02-22 00:00:00,,,,,,
1996-02-23 00:00:00,,,,,,
1996-02-26 00:00:00,,,,,,
1996-02-27 00:00:00,,,,,,
1996-02-28 00:00:00,,,,,,
1996-02-29 00:00:00,,,,,,
1996-03-01 00:00:00,,,,,,
1996-03-04 00:00:00,,,,,,
1996-03-05 00:00:00,,,,,,
1996-03-06 00:00:00,,,,,,
1996-03-07 00:00:00,,,,,,
1996-03-08 00:00:00,,,,,,
1996-03-11 00:00:00,,,,,,
1996-03-12 00:00:00,,,,,,
1996-03-13 00:00:00,,,,,,
1996-03-14 00:00:00,,,,,,
1996-03-15 00:00:00,,,,,,
1996-03-18 00:00:00,,,,,,
1996-03-19 00:00:00,,,,,,
1996-03-20 00:00:00,,,,,,
1996-03-21 00:00:00,,,,,,
1996-03-22 00:00:00,,,,,,
1996-03-25 00:00:00,,,,,,
1996-03-26 00:00:00,,,,,,
1996-03-27 00:00:00,,,,,,
1996-03-28 00:00:00,,,,,,
1996-03-29 00:00:00,,,,,,
1996-04-01 00:00:00,,,,,,
1996-04-02 00:00:00,,,,,,
1996-04-03 00:00:00,,,,,,
1996-04-04 00:00:00,,,,,,
1996-04-08 00:00:00,,,,,,
1996-04-09 00:00:00,,,,,,
1996-04-10 00:00:00,,,,,,
1996-04-11 00:00:00,,,,,,
1996-04-12 00:00:00,,,,,,
1996-04-15 00:00:00,,,,,,
1996-04-16 00:00:00,,,,,,
1996-04-17 00:00:00,,,,,,
1996-04-18 00:00:00,,,,,,
1996-04-19 00:00:00,,,,,,
1996-04-22 00:00:00,,,,,,
1996-04-23 00:00:00,,,,,,
1996-04-24 00:00:00,,,,,,
1996-04-25 00:00:00,,,,,,
1996-04-26 00:00:00,,,,,,
1996-04-29 00:00:00,,,,,,
1996-04-30 00:00:00,,,,,,
1996-05-01 00:00:00,,,,,,
1996-05-02 00:00:00,,,,,,
1996-05-03 00:00:00,,,,,,
1996-05-06 00:00:00,,,,,,
1996-05-07 00:00:00,,,,,,
1996-05-08 00:00:00,,,,,,
1996-05-09 00:00:00,,,,,,
1996-05-10 00:00:00,,,,,,
1996-05-13 00:00:00,,,,,,
1996-05-14 00:00:00,,,,,,
1996-05-15 00:00:00,,,,,,
1996-05-16 00:00:00,,,,,,
1996-05-17 00:00:00,,,,,,
1996-05-20 00:00:00,,,,,,
1996-05-21 00:00:00,,,,,,
1996-05-22 00:00:00,,,,,,
1996-05-23 00:00:00,,,,,,
1996-05-24 00:00:00,,,,,,
1996-05-28 00:00:00,,,,,,
1996-05-29 00:00:00,,,,,,
1996-05-30 00:00:00,,,,,,
1996-05-31 00:00:00,,,,,,
1996-06-03 00:00:00,,,,,,
1996-06-04 00:00:00,,,,,,
1996-06-05 00:00:00,,,,,,
1996-06-06 00:00:00,,,,,,
1996-06-07 00:00:00,,,,,,
1996-06-10 00:00:00,,,,,,
1996-06-11 00:00:00,,,,,,
1996-06-12 00:00:00,,,,,,
1996-06-13 00:00:00,,,,,,
1996-06-14 00:00:00,,,,,,
1996-06-17 00:00:00,,,,,,
1996-06-18 00:00:00,,,,,,
1996-06-19 00:00:00,,,,,,
1996-06-20 00:00:00,,,,,,
1996-06-21 00:00:00,,,,,,
1996-06-24 00:00:00,,,,,,
1996-06-25 00:00:00,,,,,,
1996-06-26 00:00:00,,,,,,
1996-06-27 00:00:00,,,,,,
1996-06-28 00:00:00,,,,,,
1996-07-01 00:00:00,,,,,,
1996-07-02 00:00:00,,,,,,
1996-07-03 00:00:00,,,,,,
1996-07-05 00:00:00,,,,,,
1996-07-08 00:00:00,,,,,,
1996-07-09 00:00:00,,,,,,
1996-07-10 00:00:00,,,,,,
1996-07-11 00:00:00,,,,,,
1996-07-12 00:00:00,,,,,,
1996-07-15 00:00:00,,,,,,
1996-07-16 00:00:00,,,,,,
1996-07-17 00:00:00,,,,,,
1996-07-18 00:00:00,,,,,,
1996-07-19 00:00:00,,,,,,
1996-07-22 00:00:00,,,,,,
1996-07-23 00:00:00,,,,,,
1996-07-24 00:00:00,,,,,,
1996-07-25 00:00:00,,,,,,
1996-07-26 00:00:00,,,,,,
1996-07-29 00:00:00,,,,,,
1996-07-30 00:00:00,,,,,,
1996-07-31 00:00:00,,,,,,
1996-08-01 00:00:00,,,,,,
1996-08-02 00:00:00,,,,,,
1996-08-05 00:00:00,,,,,,
1996-08-06 00:00:00,,,,,,
1996-08-07 00:00:00,,,,,,
1996-08-08 00:00:00,,,,,,
1996-08-09 00:00:00,,,,,,
1996-08-12 00:00:00,,,,,,
1996-08-13 00:00:00,,,,,,
1996-08-14 00:00:00,,,,,,
1996-08-15 00:00:00,,,,,,
1996-08-16 00:00:00,,,,,,
1996-08-19 00:00:00,,,,,,
1996-08-20 00:00:00,,,,,,
1996-08-21 00:00:00,,,,,,
1996-08-22 00:00:00,,,,,,
1996-08-23 00:00:00,,,,,,
1996-08-26 00:00:00,,,,,,
1996-08-27 00:00:00,,,,,,
1996-08-28 00:00:00,,,,,,
1996-08-29 00:00:00,,,,,,
1996-08-30 00:00:00,,,,,,
1996-09-03 00:00:00,,,,,,
1996-09-04 00:00:00,,,,,,
1996-09-05 00:00:00,,,,,,
1996-09-06 00:00:00,,,,,,
1996-09-09 00:00:00,,,,,,
1996-09-10 00:00:00,,,,,,
1996-09-11 00:00:00,,,,,,
1996-09-12 00:00:00,,,,,,
1996-09-13 00:00:00,,,,,,
1996-09-16 00:00:00,,,,,,
1996-09-17 00:00:00,,,,,,
1996-09-18 00:00:00,,,,,,
1996-09-19 00:00:00,,,,,,
1996-09-20 00:00:00,,,,,,
1996-09-23 00:00:00,,,,,,
1996-09-24 00:00:00,,,,,,
1996-09-25 00:00:00,,,,,,
1996-09-26 00:00:00,,,,,,
1996-09-27 00:00:00,,,,,,
1996-09-30 00:00:00,,,,,,
1996-10-01 00:00:00,,,,,,
1996-10-02 00:00:00,,,,,,
1996-10-03 00:00:00,,,,,,
1996-10-04 00:00:00,,,,,,
1996-10-07 00:00:00,,,,,,
1996-10-08 00:00:00,,,,,,
1996-10-09 00:00:00,,,,,,
1996-10-10 00:00:00,,,,,,
1996-10-11 00:00:00,,,,,,
1996-10-14 00:00:00,,,,,,
1996-10-15 00:00:00,,,,,,
1996-10-16 00:00:00,,,,,,
1996-10-17 00:00:00,,,,,,
1996-10-18 00:00:00,,,,,,
1996-10-21 00:00:00,,,,,,
1996-10-22 00:00:00,,,,,,
1996-10-23 00:00:00,,,,,,
1996-10-24 00:00:00,,,,,,
1996-10-25 00:00:00,,,,,,
1996-10-28 00:00:00,,,,,,
1996-10-29 00:00:00,,,,,,
1996-10-30 00:00:00,,,,,,
1996-10-31 00:00:00,,,,,,
1996-11-01 00:00:00,,,,,,
1996-11-04 00:00:00,,,,,,
1996-11-05 00:00:00,,,,,,
1996-11-06 00:00:00,,,,,,
1996-11-07 00:00:00,,,,,,
1996-11-08 00:00:00,,,,,,
1996-11-11 00:00:00,,,,,,
1996-11-12 00:00:00,,,,,,
1996-11-13 00:00:00,,,,,,
1996-11-14 00:00:00,,,,,,
1996-11-15 00:00:00,,,,,,
1996-11-18 00:00:00,,,,,,
1996-11-19 00:00:00,,,,,,
1996-11-20 00:00:00,,,,,,
1996-11-21 00:00:00,,,,,,
1996-11-22 00:00:00,,,,,,
1996-11-25 00:00:00,,,,,,
1996-11-26 00:00:00,,,,,,
1996-11-27 00:00:00,,,,,,
1996-11-28 00:00:00,,,,,,
1996-11-29 00:00:00,,,,,,
1996-12-02 00:00:00,,,,,,
1996-12-03 00:00:00,,,,,,
1996-12-04 00:00:00,,,,,,
1996-12-05 00:00:00,,,,,,
1996-12-06 00:00:00,,,,,,
1996-12-09 00:00:00,,,,,,
1996-12-10 00:00:00,,,,,,
1996-12-11 00:00:00,,,,,,
1996-12-12 00:00:00,,,,,,
1996-12-13 00:00:00,,,,,,
1996-12-16 00:00:00,,,,,,
1996-12-17 00:00:00,,,,,,
1996-12-18 00:00:00,,,,,,
1996-12-19 00:00:00,,,,,,
1996-12-20 00:00:00,,,,,,
1996-12-23 00:00:00,,,,,,
1996-12-24 00:00:00,,,,,,
1996-12-25 00:00:00,,,,,,
1996-12-26 00:00:00,,,,,,
1996-12-27 00:00:00,,,,,,
1996-12-30 00:00:00,,,,,,
1996-12-31 00:00:00,,,,,,
1997-01-02 00:00:00,,,,,,
1997-01-03 00:00:00,,,,,,
1997-01-06 00:00:00,,,,,,
1997-01-07 00:00:00,,,,,,
1997-01-08 00:00:00,,,,,,
1997-01-09 00:00:00,,,,,,
1997-01-10 00:00:00,,,,,,
1997-01-13 00:00:00,,,,,,
1997-01-14 00:00:00,,,,,,
1997-01-15 00:00:00,,,,,,
1997-01-16 00:00:00,,,,,,
1997-01-17 00:00:00,,,,,,
1997-01-20 00:00:00,,,,,,
1997-01-21 00:00:00,,,,,,
1997-01-22 00:00:00,,,,,,
1997-01-23 00:00:00,,,,,,
1997-01-24 00:00:00,,,,,,
1997-01-27 00:00:00,,,,,,
1997-01-28 00:00:00,,,,,,
1997-01-29 00:00:00,,,,,,
1997-01-30 00:00:00,,,,,,
1997-01-31 00:00:00,,,,,,
1997-02-03 00:00:00,,,,,,
1997-02-04 00:00:00,,,,,,
1997-02-05 00:00:00,,,,,,
1997-02-06 00:00:00,,,,,,
1997-02-07 00:00:00,,,,,,
1997-02-10 00:00:00,,,,,,
1997-02-11 00:00:00,,,,,,
1997-02-12 00:00:00,,,,,,
1997-02-13 00:00:00,,,,,,
1997-02-14 00:00:00,,,,,,
1997-02-18 00:00:00,,,,,,
1997-02-19 00:00:00,,,,,,
1997-02-20 00:00:00,,,,,,
1997-02-21 00:00:00,,,,,,
1997-02-24 00:00:00,,,,,,
1997-02-25 00:00:00,,,,,,
1997-02-26 00:00:00,,,,,,
1997-02-27 00:00:00,,,,,,
1997-02-28 00:00:00,,,,,,
1997-03-03 00:00:00,,,,,,
1997-03-04 00:00:00,,,,,,
1997-03-05 00:00:00,,,,,,
1997-03-06 00:00:00,,,,,,
1997-03-07 00:00:00,,,,,,
1997-03-10 00:00:00,,,,,,
1997-03-11 00:00:00,,,,,,
1997-03-12 00:00:00,,,,,,
1997-03-13 00:00:00,,,,,,
1997-03-14 00:00:00,,,,,,
1997-03-17 00:00:00,,,,,,
1997-03-18 00:00:00,,,,,,
1997-03-19 00:00:00,,,,,,
1997-03-20 00:00:00,,,,,,
1997-03-21 00:00:00,,,,,,
1997-03-24 00:00:00,,,,,,
1997-03-25 00:00:00,,,,,,
1997-03-26 00:00:00,,,,,,
1997-03-27 00:00:00,,,,,,
1997-03-28 00:00:00,,,,,,
1997-03-31 00:00:00,,,,,,
1997-04-01 00:00:00,,,,,,
1997-04-02 00:00:00,,,,,,
1997-04-03 00:00:00,,,,,,
1997-04-04 00:00:00,,,,,,
1997-04-07 00:00:00,,,,,,
1997-04-08 00:00:00,,,,,,
1997-04-09 00:00:00,,,,,,
1997-04-10 00:00:00,,,,,,
1997-04-11 00:00:00,,,,,,
1997-04-14 00:00:00,,,,,,
1997-04-15 00:00:00,,,,,,
1997-04-16 00:00:00,,,,,,
1997-04-17 00:00:00,,,,,,
1997-04-18 00:00:00,,,,,,
1997-04-21 00:00:00,,,,,,
1997-04-22 00:00:00,,,,,,
1997-04-23 00:00:00,,,,,,
1997-04-24 00:00:00,,,,,,
1997-04-25 00:00:00,,,,,,
1997-04-28 00:00:00,,,,,,
1997-04-29 00:00:00,,,,,,
1997-04-30 00:00:00,,,,,,
1997-05-01 00:00:00,,,,,,
1997-05-02 00:00:00,,,,,,
1997-05-05 00:00:00,,,,,,
1997-05-06 00:00:00,,,,,,
1997-05-07 00:00:00,,,,,,
1997-05-08 00:00:00,,,,,,
1997-05-09 00:00:00,,,,,,
1997-05-12 00:00:00,,,,,,
1997-05-13 00:00:00,,,,,,
1997-05-14 00:00:00,,,,,,
1997-05-15 00:00:00,,,,,,
1997-05-16 00:00:00,,,,,,
1997-05-19 00:00:00,,,,,,
1997-05-20 00:00:00,,,,,,
1997-05-21 00:00:00,,,,,,
1997-05-22 00:00:00,,,,,,
1997-05-23 00:00:00,,,,,,
1997-05-27 00:00:00,,,,,,
1997-05-28 00:00:00,,,,,,
1997-05-29 00:00:00,,,,,,
1997-05-30 00:00:00,,,,,,
1997-06-02 00:00:00,,,,,,
1997-06-03 00:00:00,,,,,,
1997-06-04 00:00:00,,,,,,
1997-06-05 00:00:00,,,,,,
1997-06-06 00:00:00,,,,,,
1997-06-09 00:00:00,,,,,,
1997-06-10 00:00:00,,,,,,
1997-06-11 00:00:00,,,,,,
1997-06-12 00:00:00,,,,,,
1997-06-13 00:00:00,,,,,,
1997-06-16 00:00:00,,,,,,
1997-06-17 00:00:00,,,,,,
1997-06-18 00:00:00,,,,,,
1997-06-19 00:00:00,,,,,,
1997-06-20 00:00:00,,,,,,
1997-06-23 00:00:00,,,,,,
1997-06-24 00:00:00,,,,,,
1997-06-25 00:00:00,,,,,,
1997-06-26 00:00:00,,,,,,
1997-06-27 00:00:00,,,,,,
1997-06-30 00:00:00,,,,,,
1997-07-01 00:00:00,,,,,,
1997-07-02 00:00:00,,,,,,
1997-07-03 00:00:00,,,,,,
1997-07-07 00:00:00,,,,,,
1997-07-08 00:00:00,,,,,,
1997-07-09 00:00:00,,,,,,
1997-07-10 00:00:00,,,,,,
1997-07-11 00:00:00,,,,,,
1997-07-14 00:00:00,,,,,,
1997-07-15 00:00:00,,,,,,
1997-07-16 00:00:00,,,,,,
1997-07-17 00:00:00,,,,,,
1997-07-18 00:00:00,,,,,,
1997-07-21 00:00:00,,,,,,
1997-07-22 00:00:00,,,,,,
1997-07-23 00:00:00,,,,,,
1997-07-24 00:00:00,,,,,,
1997-07-25 00:00:00,,,,,,
1997-07-28 00:00:00,,,,,,
1997-07-29 00:00:00,,,,,,
1997-07-30 00:00:00,,,,,,
1997-07-31 00:00:00,,,,,,
1997-08-01 00:00:00,,,,,,
1997-08-04 00:00:00,,,,,,
1997-08-05 00:00:00,,,,,,
1997-08-06 00:00:00,,,,,,
1997-08-07 00:00:00,,,,,,
1997-08-08 00:00:00,,,,,,
1997-08-11 00:00:00,,,,,,
1997-08-12 00:00:00,,,,,,
1997-08-13 00:00:00,,,,,,
1997-08-14 00:00:00,,,,,,
1997-08-15 00:00:00,,,,,,
1997-08-18 00:00:00,,,,,,
1997-08-19 00:00:00,,,,,,
1997-08-20 00:00:00,,,,,,
1997-08-21 00:00:00,,,,,,
1997-08-22 00:00:00,,,,,,
1997-08-25 00:00:00,,,,,,
1997-08-26 00:00:00,,,,,,
1997-08-27 00:00:00,,,,,,
1997-08-28 00:00:00,,,,,,
1997-08-29 00:00:00,,,,,,
1997-09-02 00:00:00,,,,,,
1997-09-03 00:00:00,,,,,,
1997-09-04 00:00:00,,,,,,
1997-09-05 00:00:00,,,,,,
1997-09-08 00:00:00,,,,,,
1997-09-09 00:00:00,,,,,,
1997-09-10 00:00:00,,,,,,
1997-09-11 00:00:00,,,,,,
1997-09-12 00:00:00,,,,,,
1997-09-15 00:00:00,,,,,,
1997-09-16 00:00:00,,,,,,
1997-09-17 00:00:00,,,,,,
1997-09-18 00:00:00,,,,,,
1997-09-19 00:00:00,,,,,,
1997-09-22 00:00:00,,,,,,
1997-09-23 00:00:00,,,,,,
1997-09-24 00:00:00,,,,,,
1997-09-25 00:00:00,,,,,,
1997-09-26 00:00:00,,,,,,
1997-09-29 00:00:00,,,,,,
1997-09-30 00:00:00,,,,,,
1997-10-01 00:00:00,,,,,,
1997-10-02 00:00:00,,,,,,
1997-10-03 00:00:00,,,,,,
1997-10-06 00:00:00,,,,,,
1997-10-07 00:00:00,,,,,,
1997-10-08 00:00:00,,,,,,
1997-10-09 00:00:00,,,,,,
1997-10-10 00:00:00,,,,,,
1997-10-13 00:00:00,,,,,,
1997-10-14 00:00:00,,,,,,
1997-10-15 00:00:00,,,,,,
1997-10-16 00:00:00,,,,,,
1997-10-17 00:00:00,,,,,,
1997-10-20 00:00:00,,,,,,
1997-10-21 00:00:00,,,,,,
1997-10-22 00:00:00,,,,,,
1997-10-23 00:00:00,,,,,,
1997-10-24 00:00:00,,,,,,
1997-10-27 00:00:00,,,,,,
1997-10-28 00:00:00,,,,,,
1997-10-29 00:00:00,,,,,,
1997-10-30 00:00:00,,,,,,
1997-10-31 00:00:00,,,,,,
1997-11-03 00:00:00,,,,,,
1997-11-04 00:00:00,,,,,,
1997-11-05 00:00:00,,,,,,
1997-11-06 00:00:00,,,,,,
1997-11-07 00:00:00,,,,,,
1997-11-10 00:00:00,,,,,,
1997-11-11 00:00:00,,,,,,
1997-11-12 00:00:00,,,,,,
1997-11-13 00:00:00,,,,,,
1997-11-14 00:00:00,,,,,,
1997-11-17 00:00:00,,,,,,
1997-11-18 00:00:00,,,,,,
1997-11-19 00:00:00,,,,,,
1997-11-20 00:00:00,,,,,,
1997-11-21 00:00:00,,,,,,
1997-11-24 00:00:00,,,,,,
1997-11-25 00:00:00,,,,,,
1997-11-26 00:00:00,,,,,,
1997-11-28 00:00:00,,,,,,
1997-12-01 00:00:00,,,,,,
1997-12-02 00:00:00,,,,,,
1997-12-03 00:00:00,,,,,,
1997-12-04 00:00:00,,,,,,
1997-12-05 00:00:00,,,,,,
1997-12-08 00:00:00,,,,,,
1997-12-09 00:00:00,,,,,,
1997-12-10 00:00:00,,,,,,
1997-12-11 00:00:00,,,,,,
1997-12-12 00:00:00,,,,,,
1997-12-15 00:00:00,,,,,,
1997-12-16 00:00:00,,,,,,
1997-12-17 00:00:00,,,,,,
1997-12-18 00:00:00,,,,,,
1997-12-19 00:00:00,,,,,,
1997-12-22 00:00:00,,,,,,
1997-12-23 00:00:00,,,,,,
1997-12-24 00:00:00,,,,,,
1997-12-26 00:00:00,,,,,,
1997-12-29 00:00:00,,,,,,
1997-12-30 00:00:00,,,,,,
1997-12-31 00:00:00,,,,,,
1998-01-02 00:00:00,,,,,,
1998-01-05 00:00:00,,,,,,
1998-01-06 00:00:00,,,,,,
1998-01-07 00:00:00,,,,,,
1998-01-08 00:00:00,,,,,,
1998-01-09 00:00:00,,,,,,
1998-01-12 00:00:00,,,,,,
1998-01-13 00:00:00,,,,,,
1998-01-14 00:00:00,,,,,,
1998-01-15 00:00:00,,,,,,
1998-01-16 00:00:00,,,,,,
1998-01-20 00:00:00,,,,,,
1998-01-21 00:00:00,,,,,,
1998-01-22 00:00:00,,,,,,
1998-01-23 00:00:00,,,,,,
1998-01-26 00:00:00,,,,,,
1998-01-27 00:00:00,,,,,,
1998-01-28 00:00:00,,,,,,
1998-01-29 00:00:00,,,,,,
1998-01-30 00:00:00,,,,,,
1998-02-02 00:00:00,,,,,,
1998-02-03 00:00:00,,,,,,
1998-02-04 00:00:00,,,,,,
1998-02-05 00:00:00,,,,,,
1998-02-06 00:00:00,,,,,,
1998-02-09 00:00:00,,,,,,
1998-02-10 00:00:00,,,,,,
1998-02-11 00:00:00,,,,,,
1998-02-12 00:00:00,,,,,,
1998-02-13 00:00:00,,,,,,
1998-02-17 00:00:00,,,,,,
1998-02-18 00:00:00,,,,,,
1998-02-19 00:00:00,,,,,,
1998-02-20 00:00:00,,,,,,
1998-02-23 00:00:00,,,,,,
1998-02-24 00:00:00,,,,,,
1998-02-25 00:00:00,,,,,,
1998-02-26 00:00:00,,,,,,
1998-02-27 00:00:00,,,,,,
1998-03-02 00:00:00,,,,,,
1998-03-03 00:00:00,,,,,,
1998-03-04 00:00:00,,,,,,
1998-03-05 00:00:00,,,,,,
1998-03-06 00:00:00,,,,,,
1998-03-09 00:00:00,,,,,,
1998-03-10 00:00:00,,,,,,
1998-03-11 00:00:00,,,,,,
1998-03-12 00:00:00,,,,,,
1998-03-13 00:00:00,,,,,,
1998-03-16 00:00:00,,,,,,
1998-03-17 00:00:00,,,,,,
1998-03-18 00:00:00,,,,,,
1998-03-19 00:00:00,,,,,,
1998-03-20 00:00:00,,,,,,
1998-03-23 00:00:00,,,,,,
1998-03-24 00:00:00,,,,,,
1998-03-25 00:00:00,,,,,,
1998-03-26 00:00:00,,,,,,
1998-03-27 00:00:00,,,,,,
1998-03-30 00:00:00,,,,,,
1998-03-31 00:00:00,,,,,,
1998-04-01 00:00:00,,,,,,
1998-04-02 00:00:00,,,,,,
1998-04-03 00:00:00,,,,,,
1998-04-06 00:00:00,,,,,,
1998-04-07 00:00:00,,,,,,
1998-04-08 00:00:00,,,,,,
1998-04-09 00:00:00,,,,,,
1998-04-10 00:00:00,,,,,,
1998-04-13 00:00:00,,,,,,
1998-04-14 00:00:00,,,,,,
1998-04-15 00:00:00,,,,,,
1998-04-16 00:00:00,,,,,,
1998-04-17 00:00:00,,,,,,
1998-04-20 00:00:00,,,,,,
1998-04-21 00:00:00,,,,,,
1998-04-22 00:00:00,,,,,,
1998-04-23 00:00:00,,,,,,
1998-04-24 00:00:00,,,,,,
1998-04-27 00:00:00,,,,,,
1998-04-28 00:00:00,,,,,,
1998-04-29 00:00:00,,,,,,
1998-04-30 00:00:00,,,,,,
1998-05-01 00:00:00,,,,,,
1998-05-04 00:00:00,,,,,,
1998-05-05 00:00:00,,,,,,
1998-05-06 00:00:00,,,,,,
1998-05-07 00:00:00,,,,,,
1998-05-08 00:00:00,,,,,,
1998-05-11 00:00:00,,,,,,
1998-05-12 00:00:00,,,,,,
1998-05-13 00:00:00,,,,,,
1998-05-14 00:00:00,,,,,,
1998-05-15 00:00:00,,,,,,
1998-05-18 00:00:00,,,,,,
1998-05-19 00:00:00,,,,,,
1998-05-20 00:00:00,,,,,,
1998-05-21 00:00:00,,,,,,
1998-05-22 00:00:00,,,,,,
1998-05-26 00:00:00,,,,,,
1998-05-27 00:00:00,,,,,,
1998-05-28 00:00:00,,,,,,
1998-05-29 00:00:00,,,,,,
1998-06-01 00:00:00,,,,,,
1998-06-02 00:00:00,,,,,,
1998-06-03 00:00:00,,,,,,
1998-06-04 00:00:00,,,,,,
1998-06-05 00:00:00,,,,,,
1998-06-08 00:00:00,,,,,,
1998-06-09 00:00:00,,,,,,
1998-06-10 00:00:00,,,,,,
1998-06-11 00:00:00,,,,,,
1998-06-12 00:00:00,,,,,,
1998-06-15 00:00:00,,,,,,
1998-06-16 00:00:00,,,,,,
1998-06-17 00:00:00,,,,,,
1998-06-18 00:00:00,,,,,,
1998-06-19 00:00:00,,,,,,
1998-06-22 00:00:00,,,,,,
1998-06-23 00:00:00,,,,,,
1998-06-24 00:00:00,,,,,,
1998-06-25 00:00:00,,,,,,
1998-06-26 00:00:00,,,,,,
1998-06-29 00:00:00,,,,,,
1998-06-30 00:00:00,,,,,,
1998-07-01 00:00:00,,,,,,
1998-07-02 00:00:00,,,,,,
1998-07-06 00:00:00,,,,,,
1998-07-07 00:00:00,,,,,,
1998-07-08 00:00:00,,,,,,
1998-07-09 00:00:00,,,,,,
1998-07-10 00:00:00,,,,,,
1998-07-13 00:00:00,,,,,,
1998-07-14 00:00:00,,,,,,
1998-07-15 00:00:00,,,,,,
1998-07-16 00:00:00,,,,,,
1998-07-17 00:00:00,,,,,,
1998-07-20 00:00:00,,,,,,
1998-07-21 00:00:00,,,,,,
1998-07-22 00:00:00,,,,,,
1998-07-23 00:00:00,,,,,,
1998-07-24 00:00:00,,,,,,
1998-07-27 00:00:00,,,,,,
1998-07-28 00:00:00,,,,,,
1998-07-29 00:00:00,,,,,,
1998-07-30 00:00:00,,,,,,
1998-07-31 00:00:00,,,,,,
1998-08-03 00:00:00,,,,,,
1998-08-04 00:00:00,,,,,,
1998-08-05 00:00:00,,,,,,
1998-08-06 00:00:00,,,,,,
1998-08-07 00:00:00,,,,,,
1998-08-10 00:00:00,,,,,,
1998-08-11 00:00:00,,,,,,
1998-08-12 00:00:00,,,,,,
1998-08-13 00:00:00,,,,,,
1998-08-14 00:00:00,,,,,,
1998-08-17 00:00:00,,,,,,
1998-08-18 00:00:00,,,,,,
1998-08-19 00:00:00,,,,,,
1998-08-20 00:00:00,,,,,,
1998-08-21 00:00:00,,,,,,
1998-08-24 00:00:00,,,,,,
1998-08-25 00:00:00,,,,,,
1998-08-26 00:00:00,,,,,,
1998-08-27 00:00:00,,,,,,
1998-08-28 00:00:00,,,,,,
1998-08-31 00:00:00,,,,,,
1998-09-01 00:00:00,,,,,,
1998-09-02 00:00:00,,,,,,
1998-09-03 00:00:00,,,,,,
1998-09-04 00:00:00,,,,,,
1998-09-08 00:00:00,,,,,,
1998-09-09 00:00:00,,,,,,
1998-09-10 00:00:00,,,,,,
1998-09-11 00:00:00,,,,,,
1998-09-14 00:00:00,,,,,,
1998-09-15 00:00:00,,,,,,
1998-09-16 00:00:00,,,,,,
1998-09-17 00:00:00,,,,,,
1998-09-18 00:00:00,,,,,,
1998-09-21 00:00:00,,,,,,
1998-09-22 00:00:00,,,,,,
1998-09-23 00:00:00,,,,,,
1998-09-24 00:00:00,,,,,,
1998-09-25 00:00:00,,,,,,
1998-09-28 00:00:00,,,,,,
1998-09-29 00:00:00,,,,,,
1998-09-30 00:00:00,,,,,,
1998-10-01 00:00:00,,,,,,
1998-10-02 00:00:00,,,,,,
1998-10-05 00:00:00,,,,,,
1998-10-06 00:00:00,,,,,,
1998-10-07 00:00:00,,,,,,
1998-10-08 00:00:00,,,,,,
1998-10-09 00:00:00,,,,,,
1998-10-12 00:00:00,,,,,,
1998-10-13 00:00:00,,,,,,
1998-10-14 00:00:00,,,,,,
1998-10-15 00:00:00,,,,,,
1998-10-16 00:00:00,,,,,,
1998-10-19 00:00:00,,,,,,
1998-10-20 00:00:00,,,,,,
1998-10-21 00:00:00,,,,,,
1998-10-22 00:00:00,,,,,,
1998-10-23 00:00:00,,,,,,
1998-10-26 00:00:00,,,,,,
1998-10-27 00:00:00,,,,,,
1998-10-28 00:00:00,,,,,,
1998-10-29 00:00:00,,,,,,
1998-10-30 00:00:00,,,,,,
1998-11-02 00:00:00,,,,,,
1998-11-03 00:00:00,,,,,,
1998-11-04 00:00:00,,,,,,
1998-11-05 00:00:00,,,,,,
1998-11-06 00:00:00,,,,,,
1998-11-09 00:00:00,,,,,,
1998-11-10 00:00:00,,,,,,
1998-11-11 00:00:00,,,,,,
1998-11-12 00:00:00,,,,,,
1998-11-13 00:00:00,,,,,,
1998-11-16 00:00:00,,,,,,
1998-11-17 00:00:00,,,,,,
1998-11-18 00:00:00,,,,,,
1998-11-19 00:00:00,,,,,,
1998-11-20 00:00:00,,,,,,
1998-11-23 00:00:00,,,,,,
1998-11-24 00:00:00,,,,,,
1998-11-25 00:00:00,,,,,,
1998-11-27 00:00:00,,,,,,
1998-11-30 00:00:00,,,,,,
1998-12-01 00:00:00,,,,,,
1998-12-02 00:00:00,,,,,,
1998-12-03 00:00:00,,,,,,
1998-12-04 00:00:00,,,,,,
1998-12-07 00:00:00,,,,,,
1998-12-08 00:00:00,,,,,,
1998-12-09 00:00:00,,,,,,
1998-12-10 00:00:00,,,,,,
1998-12-11 00:00:00,,,,,,
1998-12-14 00:00:00,,,,,,
1998-12-15 00:00:00,,,,,,
1998-12-16 00:00:00,,,,,,
1998-12-17 00:00:00,,,,,,
1998-12-18 00:00:00,,,,,,
1998-12-21 00:00:00,,,,,,
1998-12-22 00:00:00,,,,,,
1998-12-23 00:00:00,,,,,,
1998-12-24 00:00:00,,,,,,
1998-12-28 00:00:00,,,,,,
1998-12-29 00:00:00,,,,,,
1998-12-30 00:00:00,,,,,,
1998-12-31 00:00:00,,,,,,
1999-01-04 00:00:00,,,,,,
1999-01-05 00:00:00,,,,,,
1999-01-06 00:00:00,,,,,,
1999-01-07 00:00:00,,,,,,
1999-01-08 00:00:00,,,,,,
1999-01-11 00:00:00,,,,,,
1999-01-12 00:00:00,,,,,,
1999-01-13 00:00:00,,,,,,
1999-01-14 00:00:00,,,,,,
1999-01-15 00:00:00,,,,,,
1999-01-19 00:00:00,,,,,,
1999-01-20 00:00:00,,,,,,
1999-01-21 00:00:00,,,,,,
1999-01-22 00:00:00,,,,,,
1999-01-25 00:00:00,,,,,,
1999-01-26 00:00:00,,,,,,
1999-01-27 00:00:00,,,,,,
1999-01-28 00:00:00,,,,,,
1999-01-29 00:00:00,,,,,,
1999-02-01 00:00:00,,,,,,
1999-02-02 00:00:00,,,,,,
1999-02-03 00:00:00,,,,,,
1999-02-04 00:00:00,,,,,,
1999-02-05 00:00:00,,,,,,
1999-02-08 00:00:00,,,,,,
1999-02-09 00:00:00,,,,,,
1999-02-10 00:00:00,,,,,,
1999-02-11 00:00:00,,,,,,
1999-02-12 00:00:00,,,,,,
1999-02-16 00:00:00,,,,,,
1999-02-17 00:00:00,,,,,,
1999-02-18 00:00:00,,,,,,
1999-02-19 00:00:00,,,,,,
1999-02-22 00:00:00,,,,,,
1999-02-23 00:00:00,,,,,,
1999-02-24 00:00:00,,,,,,
1999-02-25 00:00:00,,,,,,
1999-02-26 00:00:00,,,,,,
1999-03-01 00:00:00,,,,,,
1999-03-02 00:00:00,,,,,,
1999-03-03 00:00:00,,,,,,
1999-03-04 00:00:00,,,,,,
1999-03-05 00:00:00,,,,,,
1999-03-08 00:00:00,,,,,,
1999-03-09 00:00:00,,,,,,
1999-03-10 00:00:00,,,,,,
1999-03-11 00:00:00,,,,,,
1999-03-12 00:00:00,,,,,,
1999-03-15 00:00:00,,,,,,
1999-03-16 00:00:00,,,,,,
1999-03-17 00:00:00,,,,,,
1999-03-18 00:00:00,,,,,,
1999-03-19 00:00:00,,,,,,
1999-03-22 00:00:00,,,,,,
1999-03-23 00:00:00,,,,,,
1999-03-24 00:00:00,,,,,,
1999-03-25 00:00:00,,,,,,
1999-03-26 00:00:00,,,,,,
1999-03-29 00:00:00,,,,,,
1999-03-30 00:00:00,,,,,,
1999-03-31 00:00:00,,,,,,
1999-04-01 00:00:00,,,,,,
1999-04-05 00:00:00,,,,,,
1999-04-06 00:00:00,,,,,,
1999-04-07 00:00:00,,,,,,
1999-04-08 00:00:00,,,,,,
1999-04-09 00:00:00,,,,,,
1999-04-12 00:00:00,,,,,,
1999-04-13 00:00:00,,,,,,
1999-04-14 00:00:00,,,,,,
1999-04-15 00:00:00,,,,,,
1999-04-16 00:00:00,,,,,,
1999-04-19 00:00:00,,,,,,
1999-04-20 00:00:00,,,,,,
1999-04-21 00:00:00,,,,,,
1999-04-22 00:00:00,,,,,,
1999-04-23 00:00:00,,,,,,
1999-04-26 00:00:00,,,,,,
1999-04-27 00:00:00,,,,,,
1999-04-28 00:00:00,,,,,,
1999-04-29 00:00:00,,,,,,
1999-04-30 00:00:00,,,,,,
1999-05-03 00:00:00,,,,,,
1999-05-04 00:00:00,,,,,,
1999-05-05 00:00:00,,,,,,
1999-05-06 00:00:00,,,,,,
1999-05-07 00:00:00,,,,,,
1999-05-10 00:00:00,,,,,,
1999-05-11 00:00:00,,,,,,
1999-05-12 00:00:00,,,,,,
1999-05-13 00:00:00,,,,,,
1999-05-14 00:00:00,,,,,,
1999-05-17 00:00:00,,,,,,
1999-05-18 00:00:00,,,,,,
1999-05-19 00:00:00,,,,,,
1999-05-20 00:00:00,,,,,,
1999-05-21 00:00:00,,,,,,
1999-05-24 00:00:00,,,,,,
1999-05-25 00:00:00,,,,,,
1999-05-26 00:00:00,,,,,,
1999-05-27 00:00:00,,,,,,
1999-05-28 00:00:00,,,,,,
1999-06-01 00:00:00,,,,,,
1999-06-02 00:00:00,,,,,,
1999-06-03 00:00:00,,,,,,
1999-06-04 00:00:00,,,,,,
1999-06-07 00:00:00,,,,,,
1999-06-08 00:00:00,,,,,,
1999-06-09 00:00:00,,,,,,
1999-06-10 00:00:00,,,,,,
1999-06-11 00:00:00,,,,,,
1999-06-14 00:00:00,,,,,,
1999-06-15 00:00:00,,,,,,
1999-06-16 00:00:00,,,,,,
1999-06-17 00:00:00,,,,,,
1999-06-18 00:00:00,,,,,,
1999-06-21 00:00:00,,,,,,
1999-06-22 00:00:00,,,,,,
1999-06-23 00:00:00,,,,,,
1999-06-24 00:00:00,,,,,,
1999-06-25 00:00:00,,,,,,
1999-06-28 00:00:00,,,,,,
1999-06-29 00:00:00,,,,,,
1999-06-30 00:00:00,,,,,,
1999-07-01 00:00:00,,,,,,
1999-07-02 00:00:00,,,,,,
1999-07-06 00:00:00,,,,,,
1999-07-07 00:00:00,,,,,,
1999-07-08 00:00:00,,,,,,
1999-07-09 00:00:00,,,,,,
1999-07-12 00:00:00,,,,,,
1999-07-13 00:00:00,,,,,,
1999-07-14 00:00:00,,,,,,
1999-07-15 00:00:00,,,,,,
1999-07-16 00:00:00,,,,,,
1999-07-19 00:00:00,,,,,,
1999-07-20 00:00:00,,,,,,
1999-07-21 00:00:00,,,,,,
1999-07-22 00:00:00,,,,,,
1999-07-23 00:00:00,,,,,,
1999-07-26 00:00:00,,,,,,
1999-07-27 00:00:00,,,,,,
1999-07-28 00:00:00,,,,,,
1999-07-29 00:00:00,,,,,,
1999-07-30 00:00:00,,,,,,
1999-08-02 00:00:00,,,,,,
1999-08-03 00:00:00,,,,,,
1999-08-04 00:00:00,,,,,,
1999-08-05 00:00:00,,,,,,
1999-08-06 00:00:00,,,,,,
1999-08-09 00:00:00,,,,,,
1999-08-10 00:00:00,,,,,,
1999-08-11 00:00:00,,,,,,
1999-08-12 00:00:00,,,,,,
1999-08-13 00:00:00,,,,,,
1999-08-16 00:00:00,,,,,,
1999-08-17 00:00:00,,,,,,
1999-08-18 00:00:00,,,,,,
1999-08-19 00:00:00,,,,,,
1999-08-20 00:00:00,,,,,,
1999-08-23 00:00:00,,,,,,
1999-08-24 00:00:00,,,,,,
1999-08-25 00:00:00,,,,,,
1999-08-26 00:00:00,,,,,,
1999-08-27 00:00:00,,,,,,
1999-08-30 00:00:00,,,,,,
1999-08-31 00:00:00,,,,,,
1999-09-01 00:00:00,,,,,,
1999-09-02 00:00:00,,,,,,
1999-09-03 00:00:00,,,,,,
1999-09-07 00:00:00,,,,,,
1999-09-08 00:00:00,,,,,,
1999-09-09 00:00:00,,,,,,
1999-09-10 00:00:00,,,,,,
1999-09-13 00:00:00,,,,,,
1999-09-14 00:00:00,,,,,,
1999-09-15 00:00:00,,,,,,
1999-09-16 00:00:00,,,,,,
1999-09-17 00:00:00,,,,,,
1999-09-20 00:00:00,,,,,,
1999-09-21 00:00:00,,,,,,
1999-09-22 00:00:00,,,,,,
1999-09-23 00:00:00,,,,,,
1999-09-24 00:00:00,,,,,,
1999-09-27 00:00:00,,,,,,
1999-09-28 00:00:00,,,,,,
1999-09-29 00:00:00,,,,,,
1999-09-30 00:00:00,,,,,,
1999-10-01 00:00:00,,,,,,
1999-10-04 00:00:00,,,,,,
1999-10-05 00:00:00,,,,,,
1999-10-06 00:00:00,,,,,,
1999-10-07 00:00:00,,,,,,
1999-10-08 00:00:00,,,,,,
1999-10-11 00:00:00,,,,,,
1999-10-12 00:00:00,,,,,,
1999-10-13 00:00:00,,,,,,
1999-10-14 00:00:00,,,,,,
1999-10-15 00:00:00,,,,,,
1999-10-18 00:00:00,,,,,,
1999-10-19 00:00:00,,,,,,
1999-10-20 00:00:00,,,,,,
1999-10-21 00:00:00,,,,,,
1999-10-22 00:00:00,,,,,,
1999-10-25 00:00:00,,,,,,
1999-10-26 00:00:00,,,,,,
1999-10-27 00:00:00,,,,,,
1999-10-28 00:00:00,,,,,,
1999-10-29 00:00:00,,,,,,
1999-11-01 00:00:00,,,,,,
1999-11-02 00:00:00,,,,,,
1999-11-03 00:00:00,,,,,,
1999-11-04 00:00:00,,,,,,
1999-11-05 00:00:00,,,,,,
1999-11-08 00:00:00,,,,,,
1999-11-09 00:00:00,,,,,,
1999-11-10 00:00:00,,,,,,
1999-11-11 00:00:00,,,,,,
1999-11-12 00:00:00,,,,,,
1999-11-15 00:00:00,,,,,,
1999-11-16 00:00:00,,,,,,
1999-11-17 00:00:00,,,,,,
1999-11-18 00:00:00,,,,,,
1999-11-19 00:00:00,,,,,,
1999-11-22 00:00:00,,,,,,
1999-11-23 00:00:00,,,,,,
1999-11-24 00:00:00,,,,,,
1999-11-26 00:00:00,,,,,,
1999-11-29 00:00:00,,,,,,
1999-11-30 00:00:00,,,,,,
1999-12-01 00:00:00,,,,,,
1999-12-02 00:00:00,,,,,,
1999-12-03 00:00:00,,,,,,
1999-12-06 00:00:00,,,,,,
1999-12-07 00:00:00,,,,,,
1999-12-08 00:00:00,,,,,,
1999-12-09 00:00:00,,,,,,
1999-12-10 00:00:00,,,,,,
1999-12-13 00:00:00,,,,,,
1999-12-14 00:00:00,,,,,,
1999-12-15 00:00:00,,,,,,
1999-12-16 00:00:00,,,,,,
1999-12-17 00:00:00,,,,,,
1999-12-20 00:00:00,,,,,,
1999-12-21 00:00:00,,,,,,
1999-12-22 00:00:00,,,,,,
1999-12-23 00:00:00,,,,,,
1999-12-27 00:00:00,,,,,,
1999-12-28 00:00:00,,,,,,
1999-12-29 00:00:00,,,,,,
1999-12-30 00:00:00,,,,,,
1999-12-31 00:00:00,,,,,,
2000-01-03 00:00:00,,,,,,
2000-01-04 00:00:00,,,,,,
2000-01-05 00:00:00,,,,,,
2000-01-06 00:00:00,,,,,,
2000-01-07 00:00:00,,,,,,
2000-01-10 00:00:00,,,,,,
2000-01-11 00:00:00,,,,,,
2000-01-12 00:00:00,,,,,,
2000-01-13 00:00:00,,,,,,
2000-01-14 00:00:00,,,,,,
2000-01-18 00:00:00,,,,,,
2000-01-19 00:00:00,,,,,,
2000-01-20 00:00:00,,,,,,
2000-01-21 00:00:00,,,,,,
2000-01-24 00:00:00,,,,,,
2000-01-25 00:00:00,,,,,,
2000-01-26 00:00:00,,,,,,
2000-01-27 00:00:00,,,,,,
2000-01-28 00:00:00,,,,,,
2000-01-31 00:00:00,,,,,,
2000-02-01 00:00:00,,,,,,
2000-02-02 00:00:00,,,,,,
2000-02-03 00:00:00,,,,,,
2000-02-04 00:00:00,,,,,,
2000-02-07 00:00:00,,,,,,
2000-02-08 00:00:00,,,,,,
2000-02-09 00:00:00,,,,,,
2000-02-10 00:00:00,,,,,,
2000-02-11 00:00:00,,,,,,
2000-02-14 00:00:00,,,,,,
2000-02-15 00:00:00,,,,,,
2000-02-16 00:00:00,,,,,,
2000-02-17 00:00:00,,,,,,
2000-02-18 00:00:00,,,,,,
2000-02-22 00:00:00,,,,,,
2000-02-23 00:00:00,,,,,,
2000-02-24 00:00:00,,,,,,
2000-02-25 00:00:00,,,,,,
2000-02-28 00:00:00,,,,,,
2000-02-29 00:00:00,,,,,,
2000-03-01 00:00:00,,,,,,
2000-03-02 00:00:00,,,,,,
2000-03-03 00:00:00,,,,,,
2000-03-06 00:00:00,,,,,,
2000-03-07 00:00:00,,,,,,
2000-03-08 00:00:00,,,,,,
2000-03-09 00:00:00,,,,,,
2000-03-10 00:00:00,,,,,,
2000-03-13 00:00:00,,,,,,
2000-03-14 00:00:00,,,,,,
2000-03-15 00:00:00,,,,,,
2000-03-16 00:00:00,,,,,,
2000-03-17 00:00:00,,,,,,
2000-03-20 00:00:00,,,,,,
2000-03-21 00:00:00,,,,,,
2000-03-22 00:00:00,,,,,,
2000-03-23 00:00:00,,,,,,
2000-03-24 00:00:00,,,,,,
2000-03-27 00:00:00,,,,,,
2000-03-28 00:00:00,,,,,,
2000-03-29 00:00:00,,,,,,
2000-03-30 00:00:00,,,,,,
2000-03-31 00:00:00,,,,,,
2000-04-03 00:00:00,,,,,,
2000-04-04 00:00:00,,,,,,
2000-04-05 00:00:00,,,,,,
2000-04-06 00:00:00,,,,,,
2000-04-07 00:00:00,,,,,,
2000-04-10 00:00:00,,,,,,
2000-04-11 00:00:00,,,,,,
2000-04-12 00:00:00,,,,,,
2000-04-13 00:00:00,,,,,,
2000-04-14 00:00:00,,,,,,
2000-04-17 00:00:00,,,,,,
2000-04-18 00:00:00,,,,,,
2000-04-19 00:00:00,,,,,,
2000-04-20 00:00:00,,,,,,
2000-04-24 00:00:00,,,,,,
2000-04-25 00:00:00,,,,,,
2000-04-26 00:00:00,,,,,,
2000-04-27 00:00:00,,,,,,
2000-04-28 00:00:00,,,,,,
2000-05-01 00:00:00,,,,,,
2000-05-02 00:00:00,,,,,,
2000-05-03 00:00:00,,,,,,
2000-05-04 00:00:00,,,,,,
2000-05-05 00:00:00,,,,,,
2000-05-08 00:00:00,,,,,,
2000-05-09 00:00:00,,,,,,
2000-05-10 00:00:00,,,,,,
2000-05-11 00:00:00,,,,,,
2000-05-12 00:00:00,,,,,,
2000-05-15 00:00:00,,,,,,
2000-05-16 00:00:00,,,,,,
2000-05-17 00:00:00,,,,,,
2000-05-18 00:00:00,,,,,,
2000-05-19 00:00:00,,,,,,
2000-05-22 00:00:00,,,,,,
2000-05-23 00:00:00,,,,,,
2000-05-24 00:00:00,,,,,,
2000-05-25 00:00:00,,,,,,
2000-05-26 00:00:00,,,,,,
2000-05-30 00:00:00,,,,,,
2000-05-31 00:00:00,,,,,,
2000-06-01 00:00:00,,,,,,
2000-06-02 00:00:00,,,,,,
2000-06-05 00:00:00,,,,,,
2000-06-06 00:00:00,,,,,,
2000-06-07 00:00:00,,,,,,
2000-06-08 00:00:00,,,,,,
2000-06-09 00:00:00,,,,,,
2000-06-12 00:00:00,,,,,,
2000-06-13 00:00:00,,,,,,
2000-06-14 00:00:00,,,,,,
2000-06-15 00:00:00,,,,,,
2000-06-16 00:00:00,,,,,,
2000-06-19 00:00:00,,,,,,
2000-06-20 00:00:00,,,,,,
2000-06-21 00:00:00,,,,,,
2000-06-22 00:00:00,,,,,,
2000-06-23 00:00:00,,,,,,
2000-06-26 00:00:00,,,,,,
2000-06-27 00:00:00,,,,,,
2000-06-28 00:00:00,,,,,,
2000-06-29 00:00:00,,,,,,
2000-06-30 00:00:00,,,,,,
2000-07-03 00:00:00,,,,,,
2000-07-05 00:00:00,,,,,,
2000-07-06 00:00:00,,,,,,
2000-07-07 00:00:00,,,,,,
2000-07-10 00:00:00,,,,,,
2000-07-11 00:00:00,,,,,,
2000-07-12 00:00:00,,,,,,
2000-07-13 00:00:00,,,,,,
2000-07-14 00:00:00,,,,,,
2000-07-17 00:00:00,,,,,,
2000-07-18 00:00:00,,,,,,
2000-07-19 00:00:00,,,,,,
2000-07-20 00:00:00,,,,,,
2000-07-21 00:00:00,,,,,,
2000-07-24 00:00:00,,,,,,
2000-07-25 00:00:00,,,,,,
2000-07-26 00:00:00,,,,,,
2000-07-27 00:00:00,,,,,,
2000-07-28 00:00:00,,,,,,
2000-07-31 00:00:00,,,,,,
2000-08-01 00:00:00,,,,,,
2000-08-02 00:00:00,,,,,,
2000-08-03 00:00:00,,,,,,
2000-08-04 00:00:00,,,,,,
2000-08-07 00:00:00,,,,,,
2000-08-08 00:00:00,,,,,,
2000-08-09 00:00:00,,,,,,
2000-08-10 00:00:00,,,,,,
2000-08-11 00:00:00,,,,,,
2000-08-14 00:00:00,,,,,,
2000-08-15 00:00:00,,,,,,
2000-08-16 00:00:00,,,,,,
2000-08-17 00:00:00,,,,,,
2000-08-18 00:00:00,,,,,,
2000-08-21 00:00:00,,,,,,
2000-08-22 00:00:00,,,,,,
2000-08-23 00:00:00,,,,,,
2000-08-24 00:00:00,,,,,,
2000-08-25 00:00:00,,,,,,
2000-08-28 00:00:00,,,,,,
2000-08-29 00:00:00,,,,,,
2000-08-30 00:00:00,,,,,,
2000-08-31 00:00:00,,,,,,
2000-09-01 00:00:00,,,,,,
2000-09-05 00:00:00,,,,,,
2000-09-06 00:00:00,,,,,,
2000-09-07 00:00:00,,,,,,
2000-09-08 00:00:00,,,,,,
2000-09-11 00:00:00,,,,,,
2000-09-12 00:00:00,,,,,,
2000-09-13 00:00:00,,,,,,
2000-09-14 00:00:00,,,,,,
2000-09-15 00:00:00,,,,,,
2000-09-18 00:00:00,,,,,,
2000-09-19 00:00:00,,,,,,
2000-09-20 00:00:00,,,,,,
2000-09-21 00:00:00,,,,,,
2000-09-22 00:00:00,,,,,,
2000-09-25 00:00:00,,,,,,
2000-09-26 00:00:00,,,,,,
2000-09-27 00:00:00,,,,,,
2000-09-28 00:00:00,,,,,,
2000-09-29 00:00:00,,,,,,
2000-10-02 00:00:00,,,,,,
2000-10-03 00:00:00,,,,,,
2000-10-04 00:00:00,,,,,,
2000-10-05 00:00:00,,,,,,
2000-10-06 00:00:00,,,,,,
2000-10-09 00:00:00,,,,,,
2000-10-10 00:00:00,,,,,,
2000-10-11 00:00:00,,,,,,
2000-10-12 00:00:00,,,,,,
2000-10-13 00:00:00,,,,,,
2000-10-16 00:00:00,,,,,,
2000-10-17 00:00:00,,,,,,
2000-10-18 00:00:00,,,,,,
2000-10-19 00:00:00,,,,,,
2000-10-20 00:00:00,,,,,,
2000-10-23 00:00:00,,,,,,
2000-10-24 00:00:00,,,,,,
2000-10-25 00:00:00,,,,,,
2000-10-26 00:00:00,,,,,,
2000-10-27 00:00:00,,,,,,
2000-10-30 00:00:00,,,,,,
2000-10-31 00:00:00,,,,,,
2000-11-01 00:00:00,,,,,,
2000-11-02 00:00:00,,,,,,
2000-11-03 00:00:00,,,,,,
2000-11-06 00:00:00,,,,,,
2000-11-07 00:00:00,,,,,,
2000-11-08 00:00:00,,,,,,
2000-11-09 00:00:00,,,,,,
2000-11-10 00:00:00,,,,,,
2000-11-13 00:00:00,,,,,,
2000-11-14 00:00:00,,,,,,
2000-11-15 00:00:00,,,,,,
2000-11-16 00:00:00,,,,,,
2000-11-17 00:00:00,,,,,,
2000-11-20 00:00:00,,,,,,
2000-11-21 00:00:00,,,,,,
2000-11-22 00:00:00,,,,,,
2000-11-24 00:00:00,,,,,,
2000-11-27 00:00:00,,,,,,
2000-11-28 00:00:00,,,,,,
2000-11-29 00:00:00,,,,,,
2000-11-30 00:00:00,,,,,,
2000-12-01 00:00:00,,,,,,
2000-12-04 00:00:00,,,,,,
2000-12-05 00:00:00,,,,,,
2000-12-06 00:00:00,,,,,,
2000-12-07 00:00:00,,,,,,
2000-12-08 00:00:00,,,,,,
2000-12-11 00:00:00,,,,,,
2000-12-12 00:00:00,,,,,,
2000-12-13 00:00:00,,,,,,
2000-12-14 00:00:00,,,,,,
2000-12-15 00:00:00,,,,,,
2000-12-18 00:00:00,,,,,,
2000-12-19 00:00:00,,,,,,
2000-12-20 00:00:00,,,,,,
2000-12-21 00:00:00,,,,,,
2000-12-22 00:00:00,,,,,,
2000-12-26 00:00:00,,,,,,
2000-12-27 00:00:00,,,,,,
2000-12-28 00:00:00,,,,,,
2000-12-29 00:00:00,,,,,,
2001-01-02 00:00:00,,,,,,
2001-01-03 00:00:00,,,,,,
2001-01-04 00:00:00,,,,,,
2001-01-05 00:00:00,,,,,,
2001-01-08 00:00:00,,,,,,
2001-01-09 00:00:00,,,,,,
2001-01-10 00:00:00,,,,,,
2001-01-11 00:00:00,,,,,,
2001-01-12 00:00:00,,,,,,
2001-01-16 00:00:00,,,,,,
2001-01-17 00:00:00,,,,,,
2001-01-18 00:00:00,,,,,,
2001-01-19 00:00:00,,,,,,
2001-01-22 00:00:00,,,,,,
2001-01-23 00:00:00,,,,,,
2001-01-24 00:00:00,,,,,,
2001-01-25 00:00:00,,,,,,
2001-01-26 00:00:00,,,,,,
2001-01-29 00:00:00,,,,,,
2001-01-30 00:00:00,,,,,,
2001-01-31 00:00:00,,,,,,
2001-02-01 00:00:00,,,,,,
2001-02-02 00:00:00,,,,,,
2001-02-05 00:00:00,,,,,,
2001-02-06 00:00:00,,,,,,
2001-02-07 00:00:00,,,,,,
2001-02-08 00:00:00,,,,,,
2001-02-09 00:00:00,,,,,,
2001-02-12 00:00:00,,,,,,
2001-02-13 00:00:00,,,,,,
2001-02-14 00:00:00,,,,,,
2001-02-15 00:00:00,,,,,,
2001-02-16 00:00:00,,,,,,
2001-02-20 00:00:00,,,,,,
2001-02-21 00:00:00,,,,,,
2001-02-22 00:00:00,,,,,,
2001-02-23 00:00:00,,,,,,
2001-02-26 00:00:00,,,,,,
2001-02-27 00:00:00,,,,,,
2001-02-28 00:00:00,,,,,,
2001-03-01 00:00:00,,,,,,
2001-03-02 00:00:00,,,,,,
2001-03-05 00:00:00,,,,,,
2001-03-06 00:00:00,,,,,,
2001-03-07 00:00:00,,,,,,
2001-03-08 00:00:00,,,,,,
2001-03-09 00:00:00,,,,,,
2001-03-12 00:00:00,,,,,,
2001-03-13 00:00:00,,,,,,
2001-03-14 00:00:00,,,,,,
2001-03-15 00:00:00,,,,,,
2001-03-16 00:00:00,,,,,,
2001-03-19 00:00:00,,,,,,
2001-03-20 00:00:00,,,,,,
2001-03-21 00:00:00,,,,,,
2001-03-22 00:00:00,,,,,,
2001-03-23 00:00:00,,,,,,
2001-03-26 00:00:00,,,,,,
2001-03-27 00:00:00,,,,,,
2001-03-28 00:00:00,,,,,,
2001-03-29 00:00:00,,,,,,
2001-03-30 00:00:00,,,,,,
2001-04-02 00:00:00,,,,,,
2001-04-03 00:00:00,,,,,,
2001-04-04 00:00:00,,,,,,
2001-04-05 00:00:00,,,,,,
2001-04-06 00:00:00,,,,,,
2001-04-09 00:00:00,,,,,,
2001-04-10 00:00:00,,,,,,
2001-04-11 00:00:00,,,,,,
2001-04-12 00:00:00,,,,,,
2001-04-16 00:00:00,,,,,,
2001-04-17 00:00:00,,,,,,
2001-04-18 00:00:00,,,,,,
2001-04-19 00:00:00,,,,,,
2001-04-20 00:00:00,,,,,,
2001-04-23 00:00:00,,,,,,
2001-04-24 00:00:00,,,,,,
2001-04-25 00:00:00,,,,,,
2001-04-26 00:00:00,,,,,,
2001-04-27 00:00:00,,,,,,
2001-04-30 00:00:00,,,,,,
2001-05-01 00:00:00,,,,,,
2001-05-02 00:00:00,,,,,,
2001-05-03 00:00:00,,,,,,
2001-05-04 00:00:00,,,,,,
2001-05-07 00:00:00,,,,,,
2001-05-08 00:00:00,,,,,,
2001-05-09 00:00:00,,,,,,
2001-05-10 00:00:00,,,,,,
2001-05-11 00:00:00,,,,,,
2001-05-14 00:00:00,,,,,,
2001-05-15 00:00:00,,,,,,
2001-05-16 00:00:00,,,,,,
2001-05-17 00:00:00,,,,,,
2001-05-18 00:00:00,,,,,,
2001-05-21 00:00:00,,,,,,
2001-05-22 00:00:00,,,,,,
2001-05-23 00:00:00,,,,,,
2001-05-24 00:00:00,,,,,,
2001-05-25 00:00:00,,,,,,
2001-05-29 00:00:00,,,,,,
2001-05-30 00:00:00,,,,,,
2001-05-31 00:00:00,,,,,,
2001-06-01 00:00:00,,,,,,
2001-06-04 00:00:00,,,,,,
2001-06-05 00:00:00,,,,,,
2001-06-06 00:00:00,,,,,,
2001-06-07 00:00:00,,,,,,
2001-06-08 00:00:00,,,,,,
2001-06-11 00:00:00,,,,,,
2001-06-12 00:00:00,,,,,,
2001-06-13 00:00:00,,,,,,
2001-06-14 00:00:00,,,,,,
2001-06-15 00:00:00,,,,,,
2001-06-18 00:00:00,,,,,,
2001-06-19 00:00:00,,,,,,
2001-06-20 00:00:00,,,,,,
2001-06-21 00:00:00,,,,,,
2001-06-22 00:00:00,,,,,,
2001-06-25 00:00:00,,,,,,
2001-06-26 00:00:00,,,,,,
2001-06-27 00:00:00,,,,,,
2001-06-28 00:00:00,,,,,,
2001-06-29 00:00:00,,,,,,
2001-07-02 00:00:00,,,,,,
2001-07-03 00:00:00,,,,,,
2001-07-05 00:00:00,,,,,,
2001-07-06 00:00:00,,,,,,
2001-07-09 00:00:00,,,,,,
2001-07-10 00:00:00,,,,,,
2001-07-11 00:00:00,,,,,,
2001-07-12 00:00:00,,,,,,
2001-07-13 00:00:00,,,,,,
2001-07-16 00:00:00,,,,,,
2001-07-17 00:00:00,,,,,,
2001-07-18 00:00:00,,,,,,
2001-07-19 00:00:00,,,,,,
2001-07-20 00:00:00,,,,,,
2001-07-23 00:00:00,,,,,,
2001-07-24 00:00:00,,,,,,
2001-07-25 00:00:00,,,,,,
2001-07-26 00:00:00,,,,,,
2001-07-27 00:00:00,,,,,,
2001-07-30 00:00:00,,,,,,
2001-07-31 00:00:00,,,,,,
2001-08-01 00:00:00,,,,,,
2001-08-02 00:00:00,,,,,,
2001-08-03 00:00:00,,,,,,
2001-08-06 00:00:00,,,,,,
2001-08-07 00:00:00,,,,,,
2001-08-08 00:00:00,,,,,,
2001-08-09 00:00:00,,,,,,
2001-08-10 00:00:00,,,,,,
2001-08-13 00:00:00,,,,,,
2001-08-14 00:00:00,,,,,,
2001-08-15 00:00:00,,,,,,
2001-08-16 00:00:00,,,,,,
2001-08-17 00:00:00,,,,,,
2001-08-20 00:00:00,,,,,,
2001-08-21 00:00:00,,,,,,
2001-08-22 00:00:00,,,,,,
2001-08-23 00:00:00,,,,,,
2001-08-24 00:00:00,,,,,,
2001-08-27 00:00:00,,,,,,
2001-08-28 00:00:00,,,,,,
2001-08-29 00:00:00,,,,,,
2001-08-30 00:00:00,,,,,,
2001-08-31 00:00:00,,,,,,
2001-09-04 00:00:00,,,,,,
2001-09-05 00:00:00,,,,,,
2001-09-06 00:00:00,,,,,,
2001-09-07 00:00:00,,,,,,
2001-09-10 00:00:00,,,,,,
2001-09-11 00:00:00,,,,,,
2001-09-12 00:00:00,,,,,,
2001-09-13 00:00:00,,,,,,
2001-09-17 00:00:00,,,,,,
2001-09-18 00:00:00,,,,,,
2001-09-19 00:00:00,,,,,,
2001-09-20 00:00:00,,,,,,
2001-09-21 00:00:00,,,,,,
2001-09-24 00:00:00,,,,,,
2001-09-25 00:00:00,,,,,,
2001-09-26 00:00:00,,,,,,
2001-09-27 00:00:00,,,,,,
2001-09-28 00:00:00,,,,,,
2001-10-01 00:00:00,,,,,,
2001-10-02 00:00:00,,,,,,
2001-10-03 00:00:00,,,,,,
2001-10-04 00:00:00,,,,,,
2001-10-05 00:00:00,,,,,,
2001-10-08 00:00:00,,,,,,
2001-10-09 00:00:00,,,,,,
2001-10-10 00:00:00,,,,,,
2001-10-11 00:00:00,,,,,,
2001-10-12 00:00:00,,,,,,
2001-10-15 00:00:00,,,,,,
2001-10-16 00:00:00,,,,,,
2001-10-17 00:00:00,,,,,,
2001-10-18 00:00:00,,,,,,
2001-10-19 00:00:00,,,,,,
2001-10-22 00:00:00,,,,,,
2001-10-23 00:00:00,,,,,,
2001-10-24 00:00:00,,,,,,
2001-10-25 00:00:00,,,,,,
2001-10-26 00:00:00,,,,,,
2001-10-29 00:00:00,,,,,,
2001-10-30 00:00:00,,,,,,
2001-10-31 00:00:00,,,,,,
2001-11-01 00:00:00,,,,,,
2001-11-02 00:00:00,,,,,,
2001-11-05 00:00:00,,,,,,
2001-11-06 00:00:00,,,,,,
2001-11-07 00:00:00,,,,,,
2001-11-08 00:00:00,,,,,,
2001-11-09 00:00:00,,,,,,
2001-11-12 00:00:00,,,,,,
2001-11-13 00:00:00,,,,,,
2001-11-14 00:00:00,,,,,,
2001-11-15 00:00:00,,,,,,
2001-11-16 00:00:00,,,,,,
2001-11-19 00:00:00,,,,,,
2001-11-20 00:00:00,,,,,,
2001-11-21 00:00:00,,,,,,
2001-11-23 00:00:00,,,,,,
2001-11-26 00:00:00,,,,,,
2001-11-27 00:00:00,,,,,,
2001-11-28 00:00:00,,,,,,
2001-11-29 00:00:00,,,,,,
2001-11-30 00:00:00,,,,,,
2001-12-03 00:00:00,,,,,,
2001-12-04 00:00:00,,,,,,
2001-12-05 00:00:00,,,,,,
2001-12-06 00:00:00,,,,,,
2001-12-07 00:00:00,,,,,,
2001-12-10 00:00:00,,,,,,
2001-12-11 00:00:00,,,,,,
2001-12-12 00:00:00,,,,,,
2001-12-13 00:00:00,,,,,,
2001-12-14 00:00:00,,,,,,
2001-12-17 00:00:00,,,,,,
2001-12-18 00:00:00,,,,,,
2001-12-19 00:00:00,,,,,,
2001-12-20 00:00:00,,,,,,
2001-12-21 00:00:00,,,,,,
2001-12-24 00:00:00,,,,,,
2001-12-26 00:00:00,,,,,,
2001-12-27 00:00:00,,,,,,
2001-12-28 00:00:00,,,,,,
2001-12-31 00:00:00,,,,,,
2002-01-02 00:00:00,,,,,,
2002-01-03 00:00:00,,,,,,
2002-01-04 00:00:00,,,,,,
2002-01-07 00:00:00,,,,,,
2002-01-08 00:00:00,,,,,,
2002-01-09 00:00:00,,,,,,
2002-01-10 00:00:00,,,,,,
2002-01-11 00:00:00,,,,,,
2002-01-14 00:00:00,,,,,,
2002-01-15 00:00:00,,,,,,
2002-01-16 00:00:00,,,,,,
2002-01-17 00:00:00,,,,,,
2002-01-18 00:00:00,,,,,,
2002-01-22 00:00:00,,,,,,
2002-01-23 00:00:00,,,,,,
2002-01-24 00:00:00,,,,,,
2002-01-25 00:00:00,,,,,,
2002-01-28 00:00:00,,,,,,
2002-01-29 00:00:00,,,,,,
2002-01-30 00:00:00,,,,,,
2002-01-31 00:00:00,,,,,,
2002-02-01 00:00:00,,,,,,
2002-02-04 00:00:00,,,,,,
2002-02-05 00:00:00,,,,,,
2002-02-06 00:00:00,,,,,,
2002-02-07 00:00:00,,,,,,
2002-02-08 00:00:00,,,,,,
2002-02-11 00:00:00,,,,,,
2002-02-12 00:00:00,,,,,,
2002-02-13 00:00:00,,,,,,
2002-02-14 00:00:00,,,,,,
2002-02-15 00:00:00,,,,,,
2002-02-19 00:00:00,,,,,,
2002-02-20 00:00:00,,,,,,
2002-02-21 00:00:00,,,,,,
2002-02-22 00:00:00,,,,,,
2002-02-25 00:00:00,,,,,,
2002-02-26 00:00:00,,,,,,
2002-02-27 00:00:00,,,,,,
2002-02-28 00:00:00,,,,,,
2002-03-01 00:00:00,,,,,,
2002-03-04 00:00:00,,,,,,
2002-03-05 00:00:00,,,,,,
2002-03-06 00:00:00,,,,,,
2002-03-07 00:00:00,,,,,,
2002-03-08 00:00:00,,,,,,
2002-03-11 00:00:00,,,,,,
2002-03-12 00:00:00,,,,,,
2002-03-13 00:00:00,,,,,,
2002-03-14 00:00:00,,,,,,
2002-03-15 00:00:00,,,,,,
2002-03-18 00:00:00,,,,,,
2002-03-19 00:00:00,,,,,,
2002-03-20 00:00:00,,,,,,
2002-03-21 00:00:00,,,,,,
2002-03-22 00:00:00,,,,,,
2002-03-25 00:00:00,,,,,,
2002-03-26 00:00:00,,,,,,
2002-03-27 00:00:00,,,,,,
2002-03-28 00:00:00,,,,,,
2002-04-01 00:00:00,,,,,,
2002-04-02 00:00:00,,,,,,
2002-04-03 00:00:00,,,,,,
2002-04-04 00:00:00,,,,,,
2002-04-05 00:00:00,,,,,,
2002-04-08 00:00:00,,,,,,
2002-04-09 00:00:00,,,,,,
2002-04-10 00:00:00,,,,,,
2002-04-11 00:00:00,,,,,,
2002-04-12 00:00:00,,,,,,
2002-04-15 00:00:00,,,,,,
2002-04-16 00:00:00,,,,,,
2002-04-17 00:00:00,,,,,,
2002-04-18 00:00:00,,,,,,
2002-04-19 00:00:00,,,,,,
2002-04-22 00:00:00,,,,,,
2002-04-23 00:00:00,,,,,,
2002-04-24 00:00:00,,,,,,
2002-04-25 00:00:00,,,,,,
2002-04-26 00:00:00,,,,,,
2002-04-29 00:00:00,,,,,,
2002-04-30 00:00:00,,,,,,
2002-05-01 00:00:00,,,,,,
2002-05-02 00:00:00,,,,,,
2002-05-03 00:00:00,,,,,,
2002-05-06 00:00:00,,,,,,
2002-05-07 00:00:00,,,,,,
2002-05-08 00:00:00,,,,,,
2002-05-09 00:00:00,,,,,,
2002-05-10 00:00:00,,,,,,
2002-05-13 00:00:00,,,,,,
2002-05-14 00:00:00,,,,,,
2002-05-15 00:00:00,,,,,,
2002-05-16 00:00:00,,,,,,
2002-05-17 00:00:00,,,,,,
2002-05-20 00:00:00,,,,,,
2002-05-21 00:00:00,,,,,,
2002-05-22 00:00:00,,,,,,
2002-05-23 00:00:00,,,,,,
2002-05-24 00:00:00,,,,,,
2002-05-28 00:00:00,,,,,,
2002-05-29 00:00:00,,,,,,
2002-05-30 00:00:00,,,,,,
2002-05-31 00:00:00,,,,,,
2002-06-03 00:00:00,,,,,,
2002-06-04 00:00:00,,,,,,
2002-06-05 00:00:00,,,,,,
2002-06-06 00:00:00,,,,,,
2002-06-07 00:00:00,,,,,,
2002-06-10 00:00:00,,,,,,
2002-06-11 00:00:00,,,,,,
2002-06-12 00:00:00,,,,,,
2002-06-13 00:00:00,,,,,,
2002-06-14 00:00:00,,,,,,
2002-06-17 00:00:00,,,,,,
2002-06-18 00:00:00,,,,,,
2002-06-19 00:00:00,,,,,,
2002-06-20 00:00:00,,,,,,
2002-06-21 00:00:00,,,,,,
2002-06-24 00:00:00,,,,,,
2002-06-25 00:00:00,,,,,,
2002-06-26 00:00:00,,,,,,
2002-06-27 00:00:00,,,,,,
2002-06-28 00:00:00,,,,,,
2002-07-01 00:00:00,,,,,,
2002-07-02 00:00:00,,,,,,
2002-07-03 00:00:00,,,,,,
2002-07-05 00:00:00,,,,,,
2002-07-08 00:00:00,,,,,,
2002-07-09 00:00:00,,,,,,
2002-07-10 00:00:00,,,,,,
2002-07-11 00:00:00,,,,,,
2002-07-12 00:00:00,,,,,,
2002-07-15 00:00:00,,,,,,
2002-07-16 00:00:00,,,,,,
2002-07-17 00:00:00,,,,,,
2002-07-18 00:00:00,,,,,,
2002-07-19 00:00:00,,,,,,
2002-07-22 00:00:00,,,,,,
2002-07-23 00:00:00,,,,,,
2002-07-24 00:00:00,,,,,,
2002-07-25 00:00:00,,,,,,
2002-07-26 00:00:00,,,,,,
2002-07-29 00:00:00,,,,,,
2002-07-30 00:00:00,,,,,,
2002-07-31 00:00:00,,,,,,
2002-08-01 00:00:00,,,,,,
2002-08-02 00:00:00,,,,,,
2002-08-05 00:00:00,,,,,,
2002-08-06 00:00:00,,,,,,
2002-08-07 00:00:00,,,,,,
2002-08-08 00:00:00,,,,,,
2002-08-09 00:00:00,,,,,,
2002-08-12 00:00:00,,,,,,
2002-08-13 00:00:00,,,,,,
2002-08-14 00:00:00,,,,,,
2002-08-15 00:00:00,,,,,,
2002-08-16 00:00:00,,,,,,
2002-08-19 00:00:00,,,,,,
2002-08-20 00:00:00,,,,,,
2002-08-21 00:00:00,,,,,,
2002-08-22 00:00:00,,,,,,
2002-08-23 00:00:00,,,,,,
2002-08-26 00:00:00,,,,,,
2002-08-27 00:00:00,,,,,,
2002-08-28 00:00:00,,,,,,
2002-08-29 00:00:00,,,,,,
2002-08-30 00:00:00,,,,,,
2002-09-03 00:00:00,,,,,,
2002-09-04 00:00:00,,,,,,
2002-09-05 00:00:00,,,,,,
2002-09-06 00:00:00,,,,,,
2002-09-09 00:00:00,,,,,,
2002-09-10 00:00:00,,,,,,
2002-09-11 00:00:00,,,,,,
2002-09-12 00:00:00,,,,,,
2002-09-13 00:00:00,,,,,,
2002-09-16 00:00:00,,,,,,
2002-09-17 00:00:00,,,,,,
2002-09-18 00:00:00,,,,,,
2002-09-19 00:00:00,,,,,,
2002-09-20 00:00:00,,,,,,
2002-09-23 00:00:00,,,,,,
2002-09-24 00:00:00,,,,,,
2002-09-25 00:00:00,,,,,,
2002-09-26 00:00:00,,,,,,
2002-09-27 00:00:00,,,,,,
2002-09-30 00:00:00,,,,,,
2002-10-01 00:00:00,,,,,,
2002-10-02 00:00:00,,,,,,
2002-10-03 00:00:00,,,,,,
2002-10-04 00:00:00,,,,,,
2002-10-07 00:00:00,,,,,,
2002-10-08 00:00:00,,,,,,
2002-10-09 00:00:00,,,,,,
2002-10-10 00:00:00,,,,,,
2002-10-11 00:00:00,,,,,,
2002-10-14 00:00:00,,,,,,
2002-10-15 00:00:00,,,,,,
2002-10-16 00:00:00,,,,,,
2002-10-17 00:00:00,,,,,,
2002-10-18 00:00:00,,,,,,
2002-10-21 00:00:00,,,,,,
2002-10-22 00:00:00,,,,,,
2002-10-23 00:00:00,,,,,,
2002-10-24 00:00:00,,,,,,
2002-10-25 00:00:00,,,,,,
2002-10-28 00:00:00,,,,,,
2002-10-29 00:00:00,,,,,,
2002-10-30 00:00:00,,,,,,
2002-10-31 00:00:00,,,,,,
2002-11-01 00:00:00,,,,,,
2002-11-04 00:00:00,,,,,,
2002-11-05 00:00:00,,,,,,
2002-11-06 00:00:00,,,,,,
2002-11-07 00:00:00,,,,,,
2002-11-08 00:00:00,,,,,,
2002-11-11 00:00:00,,,,,,
2002-11-12 00:00:00,,,,,,
2002-11-13 00:00:00,,,,,,
2002-11-14 00:00:00,,,,,,
2002-11-15 00:00:00,,,,,,
2002-11-18 00:00:00,,,,,,
2002-11-19 00:00:00,,,,,,
2002-11-20 00:00:00,,,,,,
2002-11-21 00:00:00,,,,,,
2002-11-22 00:00:00,,,,,,
2002-11-25 00:00:00,,,,,,
2002-11-26 00:00:00,,,,,,
2002-11-27 00:00:00,,,,,,
2002-11-29 00:00:00,,,,,,
2002-12-02 00:00:00,,,,,,
2002-12-03 00:00:00,,,,,,
2002-12-04 00:00:00,,,,,,
2002-12-05 00:00:00,,,,,,
2002-12-06 00:00:00,,,,,,
2002-12-09 00:00:00,,,,,,
2002-12-10 00:00:00,,,,,,
2002-12-11 00:00:00,,,,,,
2002-12-12 00:00:00,,,,,,
2002-12-13 00:00:00,,,,,,
2002-12-16 00:00:00,,,,,,
2002-12-17 00:00:00,,,,,,
2002-12-18 00:00:00,,,,,,
2002-12-19 00:00:00,,,,,,
2002-12-20 00:00:00,,,,,,
2002-12-23 00:00:00,,,,,,
2002-12-24 00:00:00,,,,,,
2002-12-26 00:00:00,,,,,,
2002-12-27 00:00:00,,,,,,
2002-12-30 00:00:00,,,,,,
2002-12-31 00:00:00,,,,,,
2003-01-02 00:00:00,,,,,,
2003-01-03 00:00:00,,,,,,
2003-01-06 00:00:00,,,,,,
2003-01-07 00:00:00,,,,,,
2003-01-08 00:00:00,,,,,,
2003-01-09 00:00:00,,,,,,
2003-01-10 00:00:00,,,,,,
2003-01-13 00:00:00,,,,,,
2003-01-14 00:00:00,,,,,,
2003-01-15 00:00:00,,,,,,
2003-01-16 00:00:00,,,,,,
2003-01-17 00:00:00,,,,,,
2003-01-21 00:00:00,,,,,,
2003-01-22 00:00:00,,,,,,
2003-01-23 00:00:00,,,,,,
2003-01-24 00:00:00,,,,,,
2003-01-27 00:00:00,,,,,,
2003-01-28 00:00:00,,,,,,
2003-01-29 00:00:00,,,,,,
2003-01-30 00:00:00,,,,,,
2003-01-31 00:00:00,,,,,,
2003-02-03 00:00:00,,,,,,
2003-02-04 00:00:00,,,,,,
2003-02-05 00:00:00,,,,,,
2003-02-06 00:00:00,,,,,,
2003-02-07 00:00:00,,,,,,
2003-02-10 00:00:00,,,,,,
2003-02-11 00:00:00,,,,,,
2003-02-12 00:00:00,,,,,,
2003-02-13 00:00:00,,,,,,
2003-02-14 00:00:00,,,,,,
2003-02-18 00:00:00,,,,,,
2003-02-19 00:00:00,,,,,,
2003-02-20 00:00:00,,,,,,
2003-02-21 00:00:00,,,,,,
2003-02-24 00:00:00,,,,,,
2003-02-25 00:00:00,,,,,,
2003-02-26 00:00:00,,,,,,
2003-02-27 00:00:00,,,,,,
2003-02-28 00:00:00,,,,,,
2003-03-03 00:00:00,,,,,,
2003-03-04 00:00:00,,,,,,
2003-03-05 00:00:00,,,,,,
2003-03-06 00:00:00,,,,,,
2003-03-07 00:00:00,,,,,,
2003-03-10 00:00:00,,,,,,
2003-03-11 00:00:00,,,,,,
2003-03-12 00:00:00,,,,,,
2003-03-13 00:00:00,,,,,,
2003-03-14 00:00:00,,,,,,
2003-03-17 00:00:00,,,,,,
2003-03-18 00:00:00,,,,,,
2003-03-19 00:00:00,,,,,,
2003-03-20 00:00:00,,,,,,
2003-03-21 00:00:00,,,,,,
2003-03-24 00:00:00,,,,,,
2003-03-25 00:00:00,,,,,,
2003-03-26 00:00:00,,,,,,
2003-03-27 00:00:00,,,,,,
2003-03-28 00:00:00,,,,,,
2003-03-31 00:00:00,,,,,,
2003-04-01 00:00:00,,,,,,
2003-04-02 00:00:00,,,,,,
2003-04-03 00:00:00,,,,,,
2003-04-04 00:00:00,,,,,,
2003-04-07 00:00:00,,,,,,
2003-04-08 00:00:00,,,,,,
2003-04-09 00:00:00,,,,,,
2003-04-10 00:00:00,,,,,,
2003-04-11 00:00:00,,,,,,
2003-04-14 00:00:00,,,,,,
2003-04-15 00:00:00,,,,,,
2003-04-16 00:00:00,,,,,,
2003-04-17 00:00:00,,,,,,
2003-04-21 00:00:00,,,,,,
2003-04-22 00:00:00,,,,,,
2003-04-23 00:00:00,,,,,,
2003-04-24 00:00:00,,,,,,
2003-04-25 00:00:00,,,,,,
2003-04-28 00:00:00,,,,,,
2003-04-29 00:00:00,,,,,,
2003-04-30 00:00:00,,,,,,
2003-05-01 00:00:00,,,,,,
2003-05-02 00:00:00,,,,,,
2003-05-05 00:00:00,,,,,,
2003-05-06 00:00:00,,,,,,
2003-05-07 00:00:00,,,,,,
2003-05-08 00:00:00,,,,,,
2003-05-09 00:00:00,,,,,,
2003-05-12 00:00:00,,,,,,
2003-05-13 00:00:00,,,,,,
2003-05-14 00:00:00,,,,,,
2003-05-15 00:00:00,,,,,,
2003-05-16 00:00:00,,,,,,
2003-05-19 00:00:00,,,,,,
2003-05-20 00:00:00,,,,,,
2003-05-21 00:00:00,,,,,,
2003-05-22 00:00:00,,,,,,
2003-05-23 00:00:00,,,,,,
2003-05-27 00:00:00,,,,,,
2003-05-28 00:00:00,,,,,,
2003-05-29 00:00:00,,,,,,
2003-05-30 00:00:00,,,,,,
2003-06-02 00:00:00,,,,,,
2003-06-03 00:00:00,,,,,,
2003-06-04 00:00:00,,,,,,
2003-06-05 00:00:00,,,,,,
2003-06-06 00:00:00,,,,,,
2003-06-09 00:00:00,,,,,,
2003-06-10 00:00:00,,,,,,
2003-06-11 00:00:00,,,,,,
2003-06-12 00:00:00,,,,,,
2003-06-13 00:00:00,,,,,,
2003-06-16 00:00:00,,,,,,
2003-06-17 00:00:00,,,,,,
2003-06-18 00:00:00,,,,,,
2003-06-19 00:00:00,,,,,,
2003-06-20 00:00:00,,,,,,
2003-06-23 00:00:00,,,,,,
2003-06-24 00:00:00,,,,,,
2003-06-25 00:00:00,,,,,,
2003-06-26 00:00:00,,,,,,
2003-06-27 00:00:00,,,,,,
2003-06-30 00:00:00,,,,,,
2003-07-01 00:00:00,,,,,,
2003-07-02 00:00:00,,,,,,
2003-07-03 00:00:00,,,,,,
2003-07-07 00:00:00,,,,,,
2003-07-08 00:00:00,,,,,,
2003-07-09 00:00:00,,,,,,
2003-07-10 00:00:00,,,,,,
2003-07-11 00:00:00,,,,,,
2003-07-14 00:00:00,,,,,,
2003-07-15 00:00:00,,,,,,
2003-07-16 00:00:00,,,,,,
2003-07-17 00:00:00,,,,,,
2003-07-18 00:00:00,,,,,,
2003-07-21 00:00:00,,,,,,
2003-07-22 00:00:00,,,,,,
2003-07-23 00:00:00,,,,,,
2003-07-24 00:00:00,,,,,,
2003-07-25 00:00:00,,,,,,
2003-07-28 00:00:00,,,,,,
2003-07-29 00:00:00,,,,,,
2003-07-30 00:00:00,,,,,,
2003-07-31 00:00:00,,,,,,
2003-08-01 00:00:00,,,,,,
2003-08-04 00:00:00,,,,,,
2003-08-05 00:00:00,,,,,,
2003-08-06 00:00:00,,,,,,
2003-08-07 00:00:00,,,,,,
2003-08-08 00:00:00,,,,,,
2003-08-11 00:00:00,,,,,,
2003-08-12 00:00:00,,,,,,
2003-08-13 00:00:00,,,,,,
2003-08-14 00:00:00,,,,,,
2003-08-15 00:00:00,,,,,,
2003-08-18 00:00:00,,,,,,
2003-08-19 00:00:00,,,,,,
2003-08-20 00:00:00,,,,,,
2003-08-21 00:00:00,,,,,,
2003-08-22 00:00:00,,,,,,
2003-08-25 00:00:00,,,,,,
2003-08-26 00:00:00,,,,,,
2003-08-27 00:00:00,,,,,,
2003-08-28 00:00:00,,,,,,
2003-08-29 00:00:00,,,,,,
2003-09-02 00:00:00,,,,,,
2003-09-03 00:00:00,,,,,,
2003-09-04 00:00:00,,,,,,
2003-09-05 00:00:00,,,,,,
2003-09-08 00:00:00,,,,,,
2003-09-09 00:00:00,,,,,,
2003-09-10 00:00:00,,,,,,
2003-09-11 00:00:00,,,,,,
2003-09-12 00:00:00,,,,,,
2003-09-15 00:00:00,,,,,,
2003-09-16 00:00:00,,,,,,
2003-09-17 00:00:00,,,,,,
2003-09-18 00:00:00,,,,,,
2003-09-19 00:00:00,,,,,,
2003-09-22 00:00:00,,,,,,
2003-09-23 00:00:00,,,,,,
2003-09-24 00:00:00,,,,,,
2003-09-25 00:00:00,,,,,,
2003-09-26 00:00:00,,,,,,
2003-09-29 00:00:00,,,,,,
2003-09-30 00:00:00,,,,,,
2003-10-01 00:00:00,,,,,,
2003-10-02 00:00:00,,,,,,
2003-10-03 00:00:00,,,,,,
2003-10-06 00:00:00,,,,,,
2003-10-07 00:00:00,,,,,,
2003-10-08 00:00:00,,,,,,
2003-10-09 00:00:00,,,,,,
2003-10-10 00:00:00,,,,,,
2003-10-13 00:00:00,,,,,,
2003-10-14 00:00:00,,,,,,
2003-10-15 00:00:00,,,,,,
2003-10-16 00:00:00,,,,,,
2003-10-17 00:00:00,,,,,,
2003-10-20 00:00:00,,,,,,
2003-10-21 00:00:00,,,,,,
2003-10-22 00:00:00,,,,,,
2003-10-23 00:00:00,,,,,,
2003-10-24 00:00:00,,,,,,
2003-10-27 00:00:00,,,,,,
2003-10-28 00:00:00,,,,,,
2003-10-29 00:00:00,,,,,,
2003-10-30 00:00:00,,,,,,
2003-10-31 00:00:00,,,,,,
2003-11-03 00:00:00,,,,,,
2003-11-04 00:00:00,,,,,,
2003-11-05 00:00:00,,,,,,
2003-11-06 00:00:00,,,,,,
2003-11-07 00:00:00,,,,,,
2003-11-10 00:00:00,,,,,,
2003-11-11 00:00:00,,,,,,
2003-11-12 00:00:00,,,,,,
2003-11-13 00:00:00,,,,,,
2003-11-14 00:00:00,,,,,,
2003-11-17 00:00:00,,,,,,
2003-11-18 00:00:00,,,,,,
2003-11-19 00:00:00,,,,,,
2003-11-20 00:00:00,,,,,,
2003-11-21 00:00:00,,,,,,
2003-11-24 00:00:00,,,,,,
2003-11-25 00:00:00,,,,,,
2003-11-26 00:00:00,,,,,,
2003-11-28 00:00:00,,,,,,
2003-12-01 00:00:00,,,,,,
2003-12-02 00:00:00,,,,,,
2003-12-03 00:00:00,,,,,,
2003-12-04 00:00:00,,,,,,
2003-12-05 00:00:00,,,,,,
2003-12-08 00:00:00,,,,,,
2003-12-09 00:00:00,,,,,,
2003-12-10 00:00:00,,,,,,
2003-12-11 00:00:00,,,,,,
2003-12-12 00:00:00,,,,,,
2003-12-15 00:00:00,,,,,,
2003-12-16 00:00:00,,,,,,
2003-12-17 00:00:00,,,,,,
2003-12-18 00:00:00,,,,,,
2003-12-19 00:00:00,,,,,,
2003-12-22 00:00:00,,,,,,
2003-12-23 00:00:00,,,,,,
2003-12-24 00:00:00,,,,,,
2003-12-26 00:00:00,,,,,,
2003-12-29 00:00:00,,,,,,
2003-12-30 00:00:00,,,,,,
2003-12-31 00:00:00,,,,,,
2004-01-02 00:00:00,,,,,,
2004-01-05 00:00:00,,,,,,
2004-01-06 00:00:00,,,,,,
2004-01-07 00:00:00,,,,,,
2004-01-08 00:00:00,,,,,,
2004-01-09 00:00:00,,,,,,
2004-01-12 00:00:00,,,,,,
2004-01-13 00:00:00,,,,,,
2004-01-14 00:00:00,,,,,,
2004-01-15 00:00:00,,,,,,
2004-01-16 00:00:00,,,,,,
2004-01-20 00:00:00,,,,,,
2004-01-21 00:00:00,,,,,,
2004-01-22 00:00:00,,,,,,
2004-01-23 00:00:00,,,,,,
2004-01-26 00:00:00,,,,,,
2004-01-27 00:00:00,,,,,,
2004-01-28 00:00:00,,,,,,
2004-01-29 00:00:00,,,,,,
2004-01-30 00:00:00,,,,,,
2004-02-02 00:00:00,,,,,,
2004-02-03 00:00:00,,,,,,
2004-02-04 00:00:00,,,,,,
2004-02-05 00:00:00,,,,,,
2004-02-06 00:00:00,,,,,,
2004-02-09 00:00:00,,,,,,
2004-02-10 00:00:00,,,,,,
2004-02-11 00:00:00,,,,,,
2004-02-12 00:00:00,,,,,,
2004-02-13 00:00:00,,,,,,
2004-02-17 00:00:00,,,,,,
2004-02-18 00:00:00,,,,,,
2004-02-19 00:00:00,,,,,,
2004-02-20 00:00:00,,,,,,
2004-02-23 00:00:00,,,,,,
2004-02-24 00:00:00,,,,,,
2004-02-25 00:00:00,,,,,,
2004-02-26 00:00:00,,,,,,
2004-02-27 00:00:00,,,,,,
2004-03-01 00:00:00,,,,,,
2004-03-02 00:00:00,,,,,,
2004-03-03 00:00:00,,,,,,
2004-03-04 00:00:00,,,,,,
2004-03-05 00:00:00,,,,,,
2004-03-08 00:00:00,,,,,,
2004-03-09 00:00:00,,,,,,
2004-03-10 00:00:00,,,,,,
2004-03-11 00:00:00,,,,,,
2004-03-12 00:00:00,,,,,,
2004-03-15 00:00:00,,,,,,
2004-03-16 00:00:00,,,,,,
2004-03-17 00:00:00,,,,,,
2004-03-18 00:00:00,,,,,,
2004-03-19 00:00:00,,,,,,
2004-03-22 00:00:00,,,,,,
2004-03-23 00:00:00,,,,,,
2004-03-24 00:00:00,,,,,,
2004-03-25 00:00:00,,,,,,
2004-03-26 00:00:00,,,,,,
2004-03-29 00:00:00,,,,,,
2004-03-30 00:00:00,,,,,,
2004-03-31 00:00:00,,,,,,
2004-04-01 00:00:00,,,,,,
2004-04-02 00:00:00,,,,,,
2004-04-05 00:00:00,,,,,,
2004-04-06 00:00:00,,,,,,
2004-04-07 00:00:00,,,,,,
2004-04-08 00:00:00,,,,,,
2004-04-12 00:00:00,,,,,,
2004-04-13 00:00:00,,,,,,
2004-04-14 00:00:00,,,,,,
2004-04-15 00:00:00,,,,,,
2004-04-16 00:00:00,,,,,,
2004-04-19 00:00:00,,,,,,
2004-04-20 00:00:00,,,,,,
2004-04-21 00:00:00,,,,,,
2004-04-22 00:00:00,,,,,,
2004-04-23 00:00:00,,,,,,
2004-04-26 00:00:00,,,,,,
2004-04-27 00:00:00,,,,,,
2004-04-28 00:00:00,,,,,,
2004-04-29 00:00:00,,,,,,
2004-04-30 00:00:00,,,,,,
2004-05-03 00:00:00,,,,,,
2004-05-04 00:00:00,,,,,,
2004-05-05 00:00:00,,,,,,
2004-05-06 00:00:00,,,,,,
2004-05-07 00:00:00,,,,,,
2004-05-10 00:00:00,,,,,,
2004-05-11 00:00:00,,,,,,
2004-05-12 00:00:00,,,,,,
2004-05-13 00:00:00,,,,,,
2004-05-14 00:00:00,,,,,,
2004-05-17 00:00:00,,,,,,
2004-05-18 00:00:00,,,,,,
2004-05-19 00:00:00,,,,,,
2004-05-20 00:00:00,,,,,,
2004-05-21 00:00:00,,,,,,
2004-05-24 00:00:00,,,,,,
2004-05-25 00:00:00,,,,,,
2004-05-26 00:00:00,,,,,,
2004-05-27 00:00:00,,,,,,
2004-05-28 00:00:00,,,,,,
2004-06-01 00:00:00,,,,,,
2004-06-02 00:00:00,,,,,,
2004-06-03 00:00:00,,,,,,
2004-06-04 00:00:00,,,,,,
2004-06-07 00:00:00,,,,,,
2004-06-08 00:00:00,,,,,,
2004-06-09 00:00:00,,,,,,
2004-06-10 00:00:00,,,,,,
2004-06-14 00:00:00,,,,,,
2004-06-15 00:00:00,,,,,,
2004-06-16 00:00:00,,,,,,
2004-06-17 00:00:00,,,,,,
2004-06-18 00:00:00,,,,,,
2004-06-21 00:00:00,,,,,,
2004-06-22 00:00:00,,,,,,
2004-06-23 00:00:00,,,,,,
2004-06-24 00:00:00,,,,,,
2004-06-25 00:00:00,,,,,,
2004-06-28 00:00:00,,,,,,
2004-06-29 00:00:00,,,,,,
2004-06-30 00:00:00,,,,,,
2004-07-01 00:00:00,,,,,,
2004-07-02 00:00:00,,,,,,
2004-07-06 00:00:00,,,,,,
2004-07-07 00:00:00,,,,,,
2004-07-08 00:00:00,,,,,,
2004-07-09 00:00:00,,,,,,
2004-07-12 00:00:00,,,,,,
2004-07-13 00:00:00,,,,,,
2004-07-14 00:00:00,,,,,,
2004-07-15 00:00:00,,,,,,
2004-07-16 00:00:00,,,,,,
2004-07-19 00:00:00,,,,,,
2004-07-20 00:00:00,,,,,,
2004-07-21 00:00:00,,,,,,
2004-07-22 00:00:00,,,,,,
2004-07-23 00:00:00,,,,,,
2004-07-26 00:00:00,,,,,,
2004-07-27 00:00:00,,,,,,
2004-07-28 00:00:00,,,,,,
2004-07-29 00:00:00,,,,,,
2004-07-30 00:00:00,,,,,,
2004-08-02 00:00:00,,,,,,
2004-08-03 00:00:00,,,,,,
2004-08-04 00:00:00,,,,,,
2004-08-05 00:00:00,,,,,,
2004-08-06 00:00:00,,,,,,
2004-08-09 00:00:00,,,,,,
2004-08-10 00:00:00,,,,,,
2004-08-11 00:00:00,,,,,,
2004-08-12 00:00:00,,,,,,
2004-08-13 00:00:00,,,,,,
2004-08-16 00:00:00,,,,,,
2004-08-17 00:00:00,,,,,,
2004-08-18 00:00:00,,,,,,
2004-08-19 00:00:00,,,,,,
2004-08-20 00:00:00,,,,,,
2004-08-23 00:00:00,,,,,,
2004-08-24 00:00:00,,,,,,
2004-08-25 00:00:00,,,,,,
2004-08-26 00:00:00,,,,,,
2004-08-27 00:00:00,,,,,,
2004-08-30 00:00:00,,,,,,
2004-08-31 00:00:00,,,,,,
2004-09-01 00:00:00,,,,,,
2004-09-02 00:00:00,,,,,,
2004-09-03 00:00:00,,,,,,
2004-09-07 00:00:00,,,,,,
2004-09-08 00:00:00,,,,,,
2004-09-09 00:00:00,,,,,,
2004-09-10 00:00:00,,,,,,
2004-09-13 00:00:00,,,,,,
2004-09-14 00:00:00,,,,,,
2004-09-15 00:00:00,,,,,,
2004-09-16 00:00:00,,,,,,
2004-09-17 00:00:00,,,,,,
2004-09-20 00:00:00,,,,,,
2004-09-21 00:00:00,,,,,,
2004-09-22 00:00:00,,,,,,
2004-09-23 00:00:00,,,,,,
2004-09-24 00:00:00,,,,,,
2004-09-27 00:00:00,,,,,,
2004-09-28 00:00:00,,,,,,
2004-09-29 00:00:00,,,,,,
2004-09-30 00:00:00,,,,,,
2004-10-01 00:00:00,,,,,,
2004-10-04 00:00:00,,,,,,
2004-10-05 00:00:00,,,,,,
2004-10-06 00:00:00,,,,,,
2004-10-07 00:00:00,,,,,,
2004-10-08 00:00:00,,,,,,
2004-10-11 00:00:00,,,,,,
2004-10-12 00:00:00,,,,,,
2004-10-13 00:00:00,,,,,,
2004-10-14 00:00:00,,,,,,
2004-10-15 00:00:00,,,,,,
2004-10-18 00:00:00,,,,,,
2004-10-19 00:00:00,,,,,,
2004-10-20 00:00:00,,,,,,
2004-10-21 00:00:00,,,,,,
2004-10-22 00:00:00,,,,,,
2004-10-25 00:00:00,,,,,,
2004-10-26 00:00:00,,,,,,
2004-10-27 00:00:00,,,,,,
2004-10-28 00:00:00,,,,,,
2004-10-29 00:00:00,,,,,,
2004-11-01 00:00:00,,,,,,
2004-11-02 00:00:00,,,,,,
2004-11-03 00:00:00,,,,,,
2004-11-04 00:00:00,,,,,,
2004-11-05 00:00:00,,,,,,
2004-11-08 00:00:00,,,,,,
2004-11-09 00:00:00,,,,,,
2004-11-10 00:00:00,,,,,,
2004-11-11 00:00:00,,,,,,
2004-11-12 00:00:00,,,,,,
2004-11-15 00:00:00,,,,,,
2004-11-16 00:00:00,,,,,,
2004-11-17 00:00:00,,,,,,
2004-11-18 00:00:00,,,,,,
2004-11-19 00:00:00,,,,,,
2004-11-22 00:00:00,,,,,,
2004-11-23 00:00:00,,,,,,
2004-11-24 00:00:00,,,,,,
2004-11-26 00:00:00,,,,,,
2004-11-29 00:00:00,,,,,,
2004-11-30 00:00:00,,,,,,
2004-12-01 00:00:00,,,,,,
2004-12-02 00:00:00,,,,,,
2004-12-03 00:00:00,,,,,,
2004-12-06 00:00:00,,,,,,
2004-12-07 00:00:00,,,,,,
2004-12-08 00:00:00,,,,,,
2004-12-09 00:00:00,,,,,,
2004-12-10 00:00:00,,,,,,
2004-12-13 00:00:00,,,,,,
2004-12-14 00:00:00,,,,,,
2004-12-15 00:00:00,,,,,,
2004-12-16 00:00:00,,,,,,
2004-12-17 00:00:00,,,,,,
2004-12-20 00:00:00,,,,,,
2004-12-21 00:00:00,,,,,,
2004-12-22 00:00:00,,,,,,
2004-12-23 00:00:00,,,,,,
2004-12-27 00:00:00,,,,,,
2004-12-28 00:00:00,,,,,,
2004-12-29 00:00:00,,,,,,
2004-12-30 00:00:00,,,,,,
2004-12-31 00:00:00,,,,,,
2005-01-03 00:00:00,,,,,,
2005-01-04 00:00:00,,,,,,
2005-01-05 00:00:00,,,,,,
2005-01-06 00:00:00,,,,,,
2005-01-07 00:00:00,,,,,,
2005-01-10 00:00:00,,,,,,
2005-01-11 00:00:00,,,,,,
2005-01-12 00:00:00,,,,,,
2005-01-13 00:00:00,,,,,,
2005-01-14 00:00:00,,,,,,
2005-01-18 00:00:00,,,,,,
2005-01-19 00:00:00,,,,,,
2005-01-20 00:00:00,,,,,,
2005-01-21 00:00:00,,,,,,
2005-01-24 00:00:00,,,,,,
2005-01-25 00:00:00,,,,,,
2005-01-26 00:00:00,,,,,,
2005-01-27 00:00:00,,,,,,
2005-01-28 00:00:00,,,,,,
2005-01-31 00:00:00,,,,,,
2005-02-01 00:00:00,,,,,,
2005-02-02 00:00:00,,,,,,
2005-02-03 00:00:00,,,,,,
2005-02-04 00:00:00,,,,,,
2005-02-07 00:00:00,,,,,,
2005-02-08 00:00:00,,,,,,
2005-02-09 00:00:00,,,,,,
2005-02-10 00:00:00,,,,,,
2005-02-11 00:00:00,,,,,,
2005-02-14 00:00:00,,,,,,
2005-02-15 00:00:00,,,,,,
2005-02-16 00:00:00,,,,,,
2005-02-17 00:00:00,,,,,,
2005-02-18 00:00:00,,,,,,
2005-02-22 00:00:00,,,,,,
2005-02-23 00:00:00,,,,,,
2005-02-24 00:00:00,,,,,,
2005-02-25 00:00:00,,,,,,
2005-02-28 00:00:00,,,,,,
2005-03-01 00:00:00,,,,,,
2005-03-02 00:00:00,,,,,,
2005-03-03 00:00:00,,,,,,
2005-03-04 00:00:00,,,,,,
2005-03-07 00:00:00,,,,,,
2005-03-08 00:00:00,,,,,,
2005-03-09 00:00:00,,,,,,
2005-03-10 00:00:00,,,,,,
2005-03-11 00:00:00,,,,,,
2005-03-14 00:00:00,,,,,,
2005-03-15 00:00:00,,,,,,
2005-03-16 00:00:00,,,,,,
2005-03-17 00:00:00,,,,,,
2005-03-18 00:00:00,,,,,,
2005-03-21 00:00:00,,,,,,
2005-03-22 00:00:00,,,,,,
2005-03-23 00:00:00,,,,,,
2005-03-24 00:00:00,,,,,,
2005-03-28 00:00:00,,,,,,
2005-03-29 00:00:00,,,,,,
2005-03-30 00:00:00,,,,,,
2005-03-31 00:00:00,,,,,,
2005-04-01 00:00:00,,,,,,
2005-04-04 00:00:00,,,,,,
2005-04-05 00:00:00,,,,,,
2005-04-06 00:00:00,,,,,,
2005-04-07 00:00:00,,,,,,
2005-04-08 00:00:00,,,,,,
2005-04-11 00:00:00,,,,,,
2005-04-12 00:00:00,,,,,,
2005-04-13 00:00:00,,,,,,
2005-04-14 00:00:00,,,,,,
2005-04-15 00:00:00,,,,,,
2005-04-18 00:00:00,,,,,,
2005-04-19 00:00:00,,,,,,
2005-04-20 00:00:00,,,,,,
2005-04-21 00:00:00,,,,,,
2005-04-22 00:00:00,,,,,,
2005-04-25 00:00:00,,,,,,
2005-04-26 00:00:00,,,,,,
2005-04-27 00:00:00,,,,,,
2005-04-28 00:00:00,,,,,,
2005-04-29 00:00:00,,,,,,
2005-05-02 00:00:00,,,,,,
2005-05-03 00:00:00,,,,,,
2005-05-04 00:00:00,,,,,,
2005-05-05 00:00:00,,,,,,
2005-05-06 00:00:00,,,,,,
2005-05-09 00:00:00,,,,,,
2005-05-10 00:00:00,,,,,,
2005-05-11 00:00:00,,,,,,
2005-05-12 00:00:00,,,,,,
2005-05-13 00:00:00,,,,,,
2005-05-16 00:00:00,,,,,,
2005-05-17 00:00:00,,,,,,
2005-05-18 00:00:00,,,,,,
2005-05-19 00:00:00,,,,,,
2005-05-20 00:00:00,,,,,,
2005-05-23 00:00:00,,,,,,
2005-05-24 00:00:00,,,,,,
2005-05-25 00:00:00,,,,,,
2005-05-26 00:00:00,,,,,,
2005-05-27 00:00:00,,,,,,
2005-05-31 00:00:00,,,,,,
2005-06-01 00:00:00,,,,,,
2005-06-02 00:00:00,,,,,,
2005-06-03 00:00:00,,,,,,
2005-06-06 00:00:00,,,,,,
2005-06-07 00:00:00,,,,,,
2005-06-08 00:00:00,,,,,,
2005-06-09 00:00:00,,,,,,
2005-06-10 00:00:00,,,,,,
2005-06-13 00:00:00,,,,,,
2005-06-14 00:00:00,,,,,,
2005-06-15 00:00:00,,,,,,
2005-06-16 00:00:00,,,,,,
2005-06-17 00:00:00,,,,,,
2005-06-20 00:00:00,,,,,,
2005-06-21 00:00:00,,,,,,
2005-06-22 00:00:00,,,,,,
2005-06-23 00:00:00,,,,,,
2005-06-24 00:00:00,,,,,,
2005-06-27 00:00:00,,,,,,
2005-06-28 00:00:00,,,,,,
2005-06-29 00:00:00,,,,,,
2005-06-30 00:00:00,,,,,,
2005-07-01 00:00:00,,,,,,
2005-07-05 00:00:00,,,,,,
2005-07-06 00:00:00,,,,,,
2005-07-07 00:00:00,,,,,,
2005-07-08 00:00:00,,,,,,
2005-07-11 00:00:00,,,,,,
2005-07-12 00:00:00,,,,,,
2005-07-13 00:00:00,,,,,,
2005-07-14 00:00:00,,,,,,
2005-07-15 00:00:00,,,,,,
2005-07-18 00:00:00,,,,,,
2005-07-19 00:00:00,,,,,,
2005-07-20 00:00:00,,,,,,
2005-07-21 00:00:00,,,,,,
2005-07-22 00:00:00,,,,,,
2005-07-25 00:00:00,,,,,,
2005-07-26 00:00:00,,,,,,
2005-07-27 00:00:00,,,,,,
2005-07-28 00:00:00,,,,,,
2005-07-29 00:00:00,,,,,,
2005-08-01 00:00:00,,,,,,
2005-08-02 00:00:00,,,,,,
2005-08-03 00:00:00,,,,,,
2005-08-04 00:00:00,,,,,,
2005-08-05 00:00:00,,,,,,
2005-08-08 00:00:00,,,,,,
2005-08-09 00:00:00,,,,,,
2005-08-10 00:00:00,,,,,,
2005-08-11 00:00:00,,,,,,
2005-08-12 00:00:00,,,,,,
2005-08-15 00:00:00,,,,,,
2005-08-16 00:00:00,,,,,,
2005-08-17 00:00:00,,,,,,
2005-08-18 00:00:00,,,,,,
2005-08-19 00:00:00,,,,,,
2005-08-22 00:00:00,,,,,,
2005-08-23 00:00:00,,,,,,
2005-08-24 00:00:00,,,,,,
2005-08-25 00:00:00,,,,,,
2005-08-26 00:00:00,,,,,,
2005-08-29 00:00:00,,,,,,
2005-08-30 00:00:00,,,,,,
2005-08-31 00:00:00,,,,,,
2005-09-01 00:00:00,,,,,,
2005-09-02 00:00:00,,,,,,
2005-09-06 00:00:00,,,,,,
2005-09-07 00:00:00,,,,,,
2005-09-08 00:00:00,,,,,,
2005-09-09 00:00:00,,,,,,
2005-09-12 00:00:00,,,,,,
2005-09-13 00:00:00,,,,,,
2005-09-14 00:00:00,,,,,,
2005-09-15 00:00:00,,,,,,
2005-09-16 00:00:00,,,,,,
2005-09-19 00:00:00,,,,,,
2005-09-20 00:00:00,,,,,,
2005-09-21 00:00:00,,,,,,
2005-09-22 00:00:00,,,,,,
2005-09-23 00:00:00,,,,,,
2005-09-26 00:00:00,,,,,,
2005-09-27 00:00:00,,,,,,
2005-09-28 00:00:00,,,,,,
2005-09-29 00:00:00,,,,,,
2005-09-30 00:00:00,,,,,,
2005-10-03 00:00:00,,,,,,
2005-10-04 00:00:00,,,,,,
2005-10-05 00:00:00,,,,,,
2005-10-06 00:00:00,,,,,,
2005-10-07 00:00:00,,,,,,
2005-10-10 00:00:00,,,,,,
2005-10-11 00:00:00,,,,,,
2005-10-12 00:00:00,,,,,,
2005-10-13 00:00:00,,,,,,
2005-10-14 00:00:00,,,,,,
2005-10-17 00:00:00,,,,,,
2005-10-18 00:00:00,,,,,,
2005-10-19 00:00:00,,,,,,
2005-10-20 00:00:00,,,,,,
2005-10-21 00:00:00,,,,,,
2005-10-24 00:00:00,,,,,,
2005-10-25 00:00:00,,,,,,
2005-10-26 00:00:00,,,,,,
2005-10-27 00:00:00,,,,,,
2005-10-28 00:00:00,,,,,,
2005-10-31 00:00:00,,,,,,
2005-11-01 00:00:00,,,,,,
2005-11-02 00:00:00,,,,,,
2005-11-03 00:00:00,,,,,,
2005-11-04 00:00:00,,,,,,
2005-11-07 00:00:00,,,,,,
2005-11-08 00:00:00,,,,,,
2005-11-09 00:00:00,,,,,,
2005-11-10 00:00:00,,,,,,
2005-11-11 00:00:00,,,,,,
2005-11-14 00:00:00,,,,,,
2005-11-15 00:00:00,,,,,,
2005-11-16 00:00:00,,,,,,
2005-11-17 00:00:00,,,,,,
2005-11-18 00:00:00,,,,,,
2005-11-21 00:00:00,,,,,,
2005-11-22 00:00:00,,,,,,
2005-11-23 00:00:00,,,,,,
2005-11-25 00:00:00,,,,,,
2005-11-28 00:00:00,,,,,,
2005-11-29 00:00:00,,,,,,
2005-11-30 00:00:00,,,,,,
2005-12-01 00:00:00,,,,,,
2005-12-02 00:00:00,,,,,,
2005-12-05 00:00:00,,,,,,
2005-12-06 00:00:00,,,,,,
2005-12-07 00:00:00,,,,,,
2005-12-08 00:00:00,,,,,,
2005-12-09 00:00:00,,,,,,
2005-12-12 00:00:00,,,,,,
2005-12-13 00:00:00,,,,,,
2005-12-14 00:00:00,,,,,,
2005-12-15 00:00:00,,,,,,
2005-12-16 00:00:00,,,,,,
2005-12-19 00:00:00,,,,,,
2005-12-20 00:00:00,,,,,,
2005-12-21 00:00:00,,,,,,
2005-12-22 00:00:00,,,,,,
2005-12-23 00:00:00,,,,,,
2005-12-27 00:00:00,,,,,,
2005-12-28 00:00:00,,,,,,
2005-12-29 00:00:00,,,,,,
2005-12-30 00:00:00,,,,,,
2006-01-03 00:00:00,,,,,,
2006-01-04 00:00:00,,,,,,
2006-01-05 00:00:00,,,,,,
2006-01-06 00:00:00,,,,,,
2006-01-09 00:00:00,,,,,,
2006-01-10 00:00:00,,,,,,
2006-01-11 00:00:00,,,,,,
2006-01-12 00:00:00,,,,,,
2006-01-13 00:00:00,,,,,,
2006-01-17 00:00:00,,,,,,
2006-01-18 00:00:00,,,,,,
2006-01-19 00:00:00,,,,,,
2006-01-20 00:00:00,,,,,,
2006-01-23 00:00:00,,,,,,
2006-01-24 00:00:00,,,,,,
2006-01-25 00:00:00,,,,,,
2006-01-26 00:00:00,,,,,,
2006-01-27 00:00:00,,,,,,
2006-01-30 00:00:00,,,,,,
2006-01-31 00:00:00,,,,,,
2006-02-01 00:00:00,,,,,,
2006-02-02 00:00:00,,,,,,
2006-02-03 00:00:00,,,,,,
2006-02-06 00:00:00,,,,,,
2006-02-07 00:00:00,,,,,,
2006-02-08 00:00:00,,,,,,
2006-02-09 00:00:00,,,,,,
2006-02-10 00:00:00,,,,,,
2006-02-13 00:00:00,,,,,,
2006-02-14 00:00:00,,,,,,
2006-02-15 00:00:00,,,,,,
2006-02-16 00:00:00,,,,,,
2006-02-17 00:00:00,,,,,,
2006-02-21 00:00:00,,,,,,
2006-02-22 00:00:00,,,,,,
2006-02-23 00:00:00,,,,,,
2006-02-24 00:00:00,,,,,,
2006-02-27 00:00:00,,,,,,
2006-02-28 00:00:00,,,,,,
2006-03-01 00:00:00,,,,,,
2006-03-02 00:00:00,,,,,,
2006-03-03 00:00:00,,,,,,
2006-03-06 00:00:00,,,,,,
2006-03-07 00:00:00,,,,,,
2006-03-08 00:00:00,,,,,,
2006-03-09 00:00:00,,,,,,
2006-03-10 00:00:00,,,,,,
2006-03-13 00:00:00,,,,,,
2006-03-14 00:00:00,,,,,,
2006-03-15 00:00:00,,,,,,
2006-03-16 00:00:00,,,,,,
2006-03-17 00:00:00,,,,,,
2006-03-20 00:00:00,,,,,,
2006-03-21 00:00:00,,,,,,
2006-03-22 00:00:00,,,,,,
2006-03-23 00:00:00,,,,,,
2006-03-24 00:00:00,,,,,,
2006-03-27 00:00:00,,,,,,
2006-03-28 00:00:00,,,,,,
2006-03-29 00:00:00,,,,,,
2006-03-30 00:00:00,,,,,,
2006-03-31 00:00:00,,,,,,
2006-04-03 00:00:00,,,,,,
2006-04-04 00:00:00,,,,,,
2006-04-05 00:00:00,,,,,,
2006-04-06 00:00:00,,,,,,
2006-04-07 00:00:00,,,,,,
2006-04-10 00:00:00,,,,,,
2006-04-11 00:00:00,,,,,,
2006-04-12 00:00:00,,,,,,
2006-04-13 00:00:00,,,,,,
2006-04-17 00:00:00,,,,,,
2006-04-18 00:00:00,,,,,,
2006-04-19 00:00:00,,,,,,
2006-04-20 00:00:00,,,,,,
2006-04-21 00:00:00,,,,,,
2006-04-24 00:00:00,,,,,,
2006-04-25 00:00:00,,,,,,
2006-04-26 00:00:00,,,,,,
2006-04-27 00:00:00,,,,,,
2006-04-28 00:00:00,,,,,,
2006-05-01 00:00:00,,,,,,
2006-05-02 00:00:00,,,,,,
2006-05-03 00:00:00,,,,,,
2006-05-04 00:00:00,,,,,,
2006-05-05 00:00:00,,,,,,
2006-05-07 00:00:00,,,,,,
2006-05-08 00:00:00,,,,,,
2006-05-09 00:00:00,,,,,,
2006-05-10 00:00:00,,,,,,
2006-05-11 00:00:00,,,,,,
2006-05-12 00:00:00,,,,,,
2006-05-15 00:00:00,,,,,,
2006-05-16 00:00:00,,,,,,
2006-05-17 00:00:00,,,,,,
2006-05-18 00:00:00,,,,,,
2006-05-19 00:00:00,,,,,,
2006-05-22 00:00:00,,,,,,
2006-05-23 00:00:00,,,,,,
2006-05-24 00:00:00,,,,,,
2006-05-25 00:00:00,,,,,,
2006-05-26 00:00:00,,,,,,
2006-05-30 00:00:00,,,,,,
2006-05-31 00:00:00,,,,,,
2006-06-01 00:00:00,,,,,,
2006-06-02 00:00:00,,,,,,
2006-06-05 00:00:00,,,,,,
2006-06-06 00:00:00,,,,,,
2006-06-07 00:00:00,,,,,,
2006-06-08 00:00:00,,,,,,
2006-06-09 00:00:00,,,,,,
2006-06-12 00:00:00,,,,,,
2006-06-13 00:00:00,,,,,,
2006-06-14 00:00:00,,,,,,
2006-06-15 00:00:00,,,,,,
2006-06-16 00:00:00,,,,,,
2006-06-19 00:00:00,,,,,,
2006-06-20 00:00:00,,,,,,
2006-06-21 00:00:00,,,,,,
2006-06-22 00:00:00,,,,,,
2006-06-23 00:00:00,,,,,,
2006-06-26 00:00:00,,,,,,
2006-06-27 00:00:00,,,,,,
2006-06-28 00:00:00,,,,,,
2006-06-29 00:00:00,,,,,,
2006-06-30 00:00:00,,,,,,
2006-07-03 00:00:00,,,,,,
2006-07-05 00:00:00,,,,,,
2006-07-06 00:00:00,,,,,,
2006-07-07 00:00:00,,,,,,
2006-07-10 00:00:00,,,,,,
2006-07-11 00:00:00,,,,,,
2006-07-12 00:00:00,,,,,,
2006-07-13 00:00:00,,,,,,
2006-07-14 00:00:00,,,,,,
2006-07-17 00:00:00,,,,,,
2006-07-18 00:00:00,,,,,,
2006-07-19 00:00:00,,,,,,
2006-07-20 00:00:00,,,,,,
2006-07-21 00:00:00,,,,,,
2006-07-24 00:00:00,,,,,,
2006-07-25 00:00:00,,,,,,
2006-07-26 00:00:00,,,,,,
2006-07-27 00:00:00,,,,,,
2006-07-28 00:00:00,,,,,,
2006-07-31 00:00:00,,,,,,
2006-08-01 00:00:00,,,,,,
2006-08-02 00:00:00,,,,,,
2006-08-03 00:00:00,,,,,,
2006-08-04 00:00:00,,,,,,
2006-08-07 00:00:00,,,,,,
2006-08-08 00:00:00,,,,,,
2006-08-09 00:00:00,,,,,,
2006-08-10 00:00:00,,,,,,
2006-08-11 00:00:00,,,,,,
2006-08-14 00:00:00,,,,,,
2006-08-15 00:00:00,,,,,,
2006-08-16 00:00:00,,,,,,
2006-08-17 00:00:00,,,,,,
2006-08-18 00:00:00,,,,,,
2006-08-21 00:00:00,,,,,,
2006-08-22 00:00:00,,,,,,
2006-08-23 00:00:00,,,,,,
2006-08-24 00:00:00,,,,,,
2006-08-25 00:00:00,,,,,,
2006-08-28 00:00:00,,,,,,
2006-08-29 00:00:00,,,,,,
2006-08-30 00:00:00,,,,,,
2006-08-31 00:00:00,,,,,,
2006-09-01 00:00:00,,,,,,
2006-09-05 00:00:00,,,,,,
2006-09-06 00:00:00,,,,,,
2006-09-07 00:00:00,,,,,,
2006-09-08 00:00:00,,,,,,
2006-09-11 00:00:00,,,,,,
2006-09-12 00:00:00,,,,,,
2006-09-13 00:00:00,,,,,,
2006-09-14 00:00:00,,,,,,
2006-09-15 00:00:00,,,,,,
2006-09-18 00:00:00,,,,,,
2006-09-19 00:00:00,,,,,,
2006-09-20 00:00:00,,,,,,
2006-09-21 00:00:00,,,,,,
2006-09-22 00:00:00,,,,,,
2006-09-25 00:00:00,,,,,,
2006-09-26 00:00:00,,,,,,
2006-09-27 00:00:00,,,,,,
2006-09-28 00:00:00,,,,,,
2006-09-29 00:00:00,,,,,,
2006-10-02 00:00:00,,,,,,
2006-10-03 00:00:00,,,,,,
2006-10-04 00:00:00,,,,,,
2006-10-05 00:00:00,,,,,,
2006-10-06 00:00:00,,,,,,
2006-10-09 00:00:00,,,,,,
2006-10-10 00:00:00,,,,,,
2006-10-11 00:00:00,,,,,,
2006-10-12 00:00:00,,,,,,
2006-10-13 00:00:00,,,,,,
2006-10-16 00:00:00,,,,,,
2006-10-17 00:00:00,,,,,,
2006-10-18 00:00:00,,,,,,
2006-10-19 00:00:00,,,,,,
2006-10-20 00:00:00,,,,,,
2006-10-23 00:00:00,,,,,,
2006-10-24 00:00:00,,,,,,
2006-10-25 00:00:00,,,,,,
2006-10-26 00:00:00,,,,,,
2006-10-27 00:00:00,,,,,,
2006-10-30 00:00:00,,,,,,
2006-10-31 00:00:00,,,,,,
2006-11-01 00:00:00,,,,,,
2006-11-02 00:00:00,,,,,,
2006-11-03 00:00:00,,,,,,
2006-11-06 00:00:00,,,,,,
2006-11-07 00:00:00,,,,,,
2006-11-08 00:00:00,,,,,,
2006-11-09 00:00:00,,,,,,
2006-11-10 00:00:00,,,,,,
2006-11-13 00:00:00,,,,,,
2006-11-14 00:00:00,,,,,,
2006-11-15 00:00:00,,,,,,
2006-11-16 00:00:00,,,,,,
2006-11-17 00:00:00,,,,,,
2006-11-20 00:00:00,,,,,,
2006-11-21 00:00:00,,,,,,
2006-11-22 00:00:00,,,,,,
2006-11-24 00:00:00,,,,,,
2006-11-27 00:00:00,,,,,,
2006-11-28 00:00:00,,,,,,
2006-11-29 00:00:00,,,,,,
2006-11-30 00:00:00,,,,,,
2006-12-01 00:00:00,,,,,,
2006-12-04 00:00:00,,,,,,
2006-12-05 00:00:00,,,,,,
2006-12-06 00:00:00,,,,,,
2006-12-07 00:00:00,,,,,,
2006-12-08 00:00:00,,,,,,
2006-12-11 00:00:00,,,,,,
2006-12-12 00:00:00,,,,,,
2006-12-13 00:00:00,,,,,,
2006-12-14 00:00:00,,,,,,
2006-12-15 00:00:00,,,,,,
2006-12-18 00:00:00,,,,,,
2006-12-19 00:00:00,,,,,,
2006-12-20 00:00:00,,,,,,
2006-12-21 00:00:00,,,,,,
2006-12-22 00:00:00,,,,,,
2006-12-26 00:00:00,,,,,,
2006-12-27 00:00:00,,,,,,
2006-12-28 00:00:00,,,,,,
2006-12-29 00:00:00,,,,,,
2007-01-03 00:00:00,,,,,,
2007-01-04 00:00:00,,,,,,
2007-01-05 00:00:00,,,,,,
2007-01-08 00:00:00,,,,,,
2007-01-09 00:00:00,,,,,,
2007-01-10 00:00:00,,,,,,
2007-01-11 00:00:00,,,,,,
2007-01-12 00:00:00,,,,,,
2007-01-16 00:00:00,,,,,,
2007-01-17 00:00:00,,,,,,
2007-01-18 00:00:00,,,,,,
2007-01-19 00:00:00,,,,,,
2007-01-22 00:00:00,,,,,,
2007-01-23 00:00:00,,,,,,
2007-01-24 00:00:00,,,,,,
2007-01-25 00:00:00,,,,,,
2007-01-26 00:00:00,,,,,,
2007-01-29 00:00:00,,,,,,
2007-01-30 00:00:00,,,,,,
2007-01-31 00:00:00,,,,,,
2007-02-01 00:00:00,,,,,,
2007-02-02 00:00:00,,,,,,
2007-02-05 00:00:00,,,,,,
2007-02-06 00:00:00,,,,,,
2007-02-07 00:00:00,,,,,,
2007-02-08 00:00:00,,,,,,
2007-02-09 00:00:00,,,,,,
2007-02-12 00:00:00,,,,,,
2007-02-13 00:00:00,,,,,,
2007-02-14 00:00:00,,,,,,
2007-02-15 00:00:00,,,,,,
2007-02-16 00:00:00,,,,,,
2007-02-20 00:00:00,,,,,,
2007-02-21 00:00:00,,,,,,
2007-02-22 00:00:00,,,,,,
2007-02-23 00:00:00,,,,,,
2007-02-26 00:00:00,,,,,,
2007-02-27 00:00:00,,,,,,
2007-02-28 00:00:00,,,,,,
2007-03-01 00:00:00,,,,,,
2007-03-02 00:00:00,,,,,,
2007-03-05 00:00:00,,,,,,
2007-03-06 00:00:00,,,,,,
2007-03-07 00:00:00,,,,,,
2007-03-08 00:00:00,,,,,,
2007-03-09 00:00:00,,,,,,
2007-03-10 00:00:00,,,,,,
2007-03-12 00:00:00,,,,,,
2007-03-13 00:00:00,,,,,,
2007-03-14 00:00:00,,,,,,
2007-03-15 00:00:00,,,,,,
2007-03-16 00:00:00,,,,,,
2007-03-19 00:00:00,,,,,,
2007-03-20 00:00:00,,,,,,
2007-03-21 00:00:00,,,,,,
2007-03-22 00:00:00,,,,,,
2007-03-23 00:00:00,,,,,,
2007-03-26 00:00:00,,,,,,
2007-03-27 00:00:00,,,,,,
2007-03-28 00:00:00,,,,,,
2007-03-29 00:00:00,,,,,,
2007-03-30 00:00:00,,,,,,
2007-04-02 00:00:00,,,,,,
2007-04-03 00:00:00,,,,,,
2007-04-04 00:00:00,,,,,,
2007-04-05 00:00:00,,,,,,
2007-04-09 00:00:00,,,,,,
2007-04-10 00:00:00,,,,,,
2007-04-11 00:00:00,,,,,,
2007-04-12 00:00:00,,,,,,
2007-04-13 00:00:00,,,,,,
2007-04-16 00:00:00,,,,,,
2007-04-17 00:00:00,,,,,,
2007-04-18 00:00:00,,,,,,
2007-04-19 00:00:00,,,,,,
2007-04-20 00:00:00,,,,,,
2007-04-23 00:00:00,,,,,,
2007-04-24 00:00:00,,,,,,
2007-04-25 00:00:00,,,,,,
2007-04-26 00:00:00,,,,,,
2007-04-27 00:00:00,,,,,,
2007-04-30 00:00:00,,,,,,
2007-05-01 00:00:00,,,,,,
2007-05-02 00:00:00,,,,,,
2007-05-03 00:00:00,,,,,,
2007-05-04 00:00:00,,,,,,
2007-05-07 00:00:00,,,,,,
2007-05-08 00:00:00,,,,,,
2007-05-09 00:00:00,,,,,,
2007-05-10 00:00:00,,,,,,
2007-05-11 00:00:00,,,,,,
2007-05-14 00:00:00,,,,,,
2007-05-15 00:00:00,,,,,,
2007-05-16 00:00:00,,,,,,
2007-05-17 00:00:00,,,,,,
2007-05-18 00:00:00,,,,,,
2007-05-21 00:00:00,,,,,,
2007-05-22 00:00:00,,,,,,
2007-05-23 00:00:00,,,,,,
2007-05-24 00:00:00,,,,,,
2007-05-25 00:00:00,,,,,,
2007-05-29 00:00:00,,,,,,
2007-05-30 00:00:00,,,,,,
2007-05-31 00:00:00,,,,,,
2007-06-01 00:00:00,,,,,,
2007-06-04 00:00:00,,,,,,
2007-06-05 00:00:00,,,,,,
2007-06-06 00:00:00,,,,,,
2007-06-07 00:00:00,,,,,,
2007-06-08 00:00:00,,,,,,
2007-06-11 00:00:00,,,,,,
2007-06-12 00:00:00,,,,,,
2007-06-13 00:00:00,,,,,,
2007-06-14 00:00:00,,,,,,
2007-06-15 00:00:00,,,,,,
2007-06-18 00:00:00,,,,,,
2007-06-19 00:00:00,,,,,,
2007-06-20 00:00:00,,,,,,
2007-06-21 00:00:00,,,,,,
2007-06-22 00:00:00,,,,,,
2007-06-25 00:00:00,,,,,,
2007-06-26 00:00:00,,,,,,
2007-06-27 00:00:00,,,,,,
2007-06-28 00:00:00,,,,,,
2007-06-29 00:00:00,,,,,,
2007-07-02 00:00:00,,,,,,
2007-07-03 00:00:00,,,,,,
2007-07-05 00:00:00,,,,,,
2007-07-06 00:00:00,,,,,,
2007-07-09 00:00:00,,,,,,
2007-07-10 00:00:00,,,,,,
2007-07-11 00:00:00,,,,,,
2007-07-12 00:00:00,,,,,,
2007-07-13 00:00:00,,,,,,
2007-07-16 00:00:00,,,,,,
2007-07-17 00:00:00,,,,,,
2007-07-18 00:00:00,,,,,,
2007-07-19 00:00:00,,,,,,
2007-07-20 00:00:00,,,,,,
2007-07-23 00:00:00,,,,,,
2007-07-24 00:00:00,,,,,,
2007-07-25 00:00:00,,,,,,
2007-07-26 00:00:00,,,,,,
2007-07-27 00:00:00,,,,,,
2007-07-30 00:00:00,,,,,,
2007-07-31 00:00:00,,,,,,
2007-08-01 00:00:00,,,,,,
2007-08-02 00:00:00,,,,,,
2007-08-03 00:00:00,,,,,,
2007-08-06 00:00:00,,,,,,
2007-08-07 00:00:00,,,,,,
2007-08-08 00:00:00,,,,,,
2007-08-09 00:00:00,,,,,,
2007-08-10 00:00:00,,,,,,
2007-08-13 00:00:00,,,,,,
2007-08-14 00:00:00,,,,,,
2007-08-15 00:00:00,,,,,,
2007-08-16 00:00:00,,,,,,
2007-08-17 00:00:00,,,,,,
2007-08-20 00:00:00,,,,,,
2007-08-21 00:00:00,,,,,,
2007-08-22 00:00:00,,,,,,
2007-08-23 00:00:00,,,,,,
2007-08-24 00:00:00,,,,,,
2007-08-27 00:00:00,,,,,,
2007-08-28 00:00:00,,,,,,
2007-08-29 00:00:00,,,,,,
2007-08-30 00:00:00,,,,,,
2007-08-31 00:00:00,,,,,,
2007-09-04 00:00:00,,,,,,
2007-09-05 00:00:00,,,,,,
2007-09-06 00:00:00,,,,,,
2007-09-07 00:00:00,,,,,,
2007-09-10 00:00:00,,,,,,
2007-09-11 00:00:00,,,,,,
2007-09-12 00:00:00,,,,,,
2007-09-13 00:00:00,,,,,,
2007-09-14 00:00:00,,,,,,
2007-09-17 00:00:00,,,,,,
2007-09-18 00:00:00,,,,,,
2007-09-19 00:00:00,,,,,,
2007-09-20 00:00:00,,,,,,
2007-09-21 00:00:00,,,,,,
2007-09-24 00:00:00,,,,,,
2007-09-25 00:00:00,,,,,,
2007-09-26 00:00:00,,,,,,
2007-09-27 00:00:00,,,,,,
2007-09-28 00:00:00,,,,,,
2007-10-01 00:00:00,,,,,,
2007-10-02 00:00:00,,,,,,
2007-10-03 00:00:00,,,,,,
2007-10-04 00:00:00,,,,,,
2007-10-05 00:00:00,,,,,,
2007-10-08 00:00:00,,,,,,
2007-10-09 00:00:00,,,,,,
2007-10-10 00:00:00,,,,,,
2007-10-11 00:00:00,,,,,,
2007-10-12 00:00:00,,,,,,
2007-10-15 00:00:00,,,,,,
2007-10-16 00:00:00,,,,,,
2007-10-17 00:00:00,,,,,,
2007-10-18 00:00:00,,,,,,
2007-10-19 00:00:00,,,,,,
2007-10-22 00:00:00,,,,,,
2007-10-23 00:00:00,,,,,,
2007-10-24 00:00:00,,,,,,
2007-10-25 00:00:00,,,,,,
2007-10-26 00:00:00,,,,,,
2007-10-29 00:00:00,,,,,,
2007-10-30 00:00:00,,,,,,
2007-10-31 00:00:00,,,,,,
2007-11-01 00:00:00,,,,,,
2007-11-02 00:00:00,,,,,,
2007-11-05 00:00:00,,,,,,
2007-11-06 00:00:00,,,,,,
2007-11-07 00:00:00,,,,,,
2007-11-08 00:00:00,,,,,,
2007-11-09 00:00:00,,,,,,
2007-11-12 00:00:00,,,,,,
2007-11-13 00:00:00,,,,,,
2007-11-14 00:00:00,,,,,,
2007-11-15 00:00:00,,,,,,
2007-11-16 00:00:00,,,,,,
2007-11-19 00:00:00,,,,,,
2007-11-20 00:00:00,,,,,,
2007-11-21 00:00:00,,,,,,
2007-11-23 00:00:00,,,,,,
2007-11-26 00:00:00,,,,,,
2007-11-27 00:00:00,,,,,,
2007-11-28 00:00:00,,,,,,
2007-11-29 00:00:00,,,,,,
2007-11-30 00:00:00,,,,,,
2007-12-03 00:00:00,,,,,,
2007-12-04 00:00:00,,,,,,
2007-12-05 00:00:00,,,,,,
2007-12-06 00:00:00,,,,,,
2007-12-07 00:00:00,,,,,,
2007-12-10 00:00:00,,,,,,
2007-12-11 00:00:00,,,,,,
2007-12-12 00:00:00,,,,,,
2007-12-13 00:00:00,,,,,,
2007-12-14 00:00:00,,,,,,
2007-12-17 00:00:00,,,,,,
2007-12-18 00:00:00,,,,,,
2007-12-19 00:00:00,,,,,,
2007-12-20 00:00:00,,,,,,
2007-12-21 00:00:00,,,,,,
2007-12-24 00:00:00,,,,,,
2007-12-26 00:00:00,,,,,,
2007-12-27 00:00:00,,,,,,
2007-12-28 00:00:00,,,,,,
2007-12-31 00:00:00,,,,,,
2008-01-02 00:00:00,,,,,,
2008-01-03 00:00:00,,,,,,
2008-01-04 00:00:00,,,,,,
2008-01-07 00:00:00,,,,,,
2008-01-08 00:00:00,,,,,,
2008-01-09 00:00:00,,,,,,
2008-01-10 00:00:00,,,,,,
2008-01-11 00:00:00,,,,,,
2008-01-14 00:00:00,,,,,,
2008-01-15 00:00:00,,,,,,
2008-01-16 00:00:00,,,,,,
2008-01-17 00:00:00,,,,,,
2008-01-18 00:00:00,,,,,,
2008-01-22 00:00:00,,,,,,
2008-01-23 00:00:00,,,,,,
2008-01-24 00:00:00,,,,,,
2008-01-25 00:00:00,,,,,,
2008-01-28 00:00:00,,,,,,
2008-01-29 00:00:00,,,,,,
2008-01-30 00:00:00,,,,,,
2008-01-31 00:00:00,,,,,,
2008-02-01 00:00:00,,,,,,
2008-02-04 00:00:00,,,,,,
2008-02-05 00:00:00,,,,,,
2008-02-06 00:00:00,,,,,,
2008-02-07 00:00:00,,,,,,
2008-02-08 00:00:00,,,,,,
2008-02-11 00:00:00,,,,,,
2008-02-12 00:00:00,,,,,,
2008-02-13 00:00:00,,,,,,
2008-02-14 00:00:00,,,,,,
2008-02-15 00:00:00,,,,,,
2008-02-19 00:00:00,,,,,,
2008-02-20 00:00:00,,,,,,
2008-02-21 00:00:00,,,,,,
2008-02-22 00:00:00,,,,,,
2008-02-25 00:00:00,,,,,,
2008-02-26 00:00:00,,,,,,
2008-02-27 00:00:00,,,,,,
2008-02-28 00:00:00,,,,,,
2008-02-29 00:00:00,,,,,,
2008-03-03 00:00:00,,,,,,
2008-03-04 00:00:00,,,,,,
2008-03-05 00:00:00,,,,,,
2008-03-06 00:00:00,,,,,,
2008-03-07 00:00:00,,,,,,
2008-03-10 00:00:00,,,,,,
2008-03-11 00:00:00,,,,,,
2008-03-12 00:00:00,,,,,,
2008-03-13 00:00:00,,,,,,
2008-03-14 00:00:00,,,,,,
2008-03-17 00:00:00,,,,,,
2008-03-18 00:00:00,,,,,,
2008-03-19 00:00:00,,,,,,
2008-03-20 00:00:00,,,,,,
2008-03-24 00:00:00,,,,,,
2008-03-25 00:00:00,,,,,,
2008-03-26 00:00:00,,,,,,
2008-03-27 00:00:00,,,,,,
2008-03-28 00:00:00,,,,,,
2008-03-31 00:00:00,,,,,,
2008-04-01 00:00:00,,,,,,
2008-04-02 00:00:00,,,,,,
2008-04-03 00:00:00,,,,,,
2008-04-04 00:00:00,,,,,,
2008-04-07 00:00:00,,,,,,
2008-04-08 00:00:00,,,,,,
2008-04-09 00:00:00,,,,,,
2008-04-10 00:00:00,,,,,,
2008-04-11 00:00:00,,,,,,
2008-04-14 00:00:00,,,,,,
2008-04-15 00:00:00,,,,,,
2008-04-16 00:00:00,,,,,,
2008-04-17 00:00:00,,,,,,
2008-04-18 00:00:00,,,,,,
2008-04-21 00:00:00,,,,,,
2008-04-22 00:00:00,,,,,,
2008-04-23 00:00:00,,,,,,
2008-04-24 00:00:00,,,,,,
2008-04-25 00:00:00,,,,,,
2008-04-28 00:00:00,,,,,,
2008-04-29 00:00:00,,,,,,
2008-04-30 00:00:00,,,,,,
2008-05-01 00:00:00,,,,,,
2008-05-02 00:00:00,,,,,,
2008-05-05 00:00:00,,,,,,
2008-05-06 00:00:00,,,,,,
2008-05-07 00:00:00,,,,,,
2008-05-08 00:00:00,,,,,,
2008-05-09 00:00:00,,,,,,
2008-05-12 00:00:00,,,,,,
2008-05-13 00:00:00,,,,,,
2008-05-14 00:00:00,,,,,,
2008-05-15 00:00:00,,,,,,
2008-05-16 00:00:00,,,,,,
2008-05-19 00:00:00,,,,,,
2008-05-20 00:00:00,,,,,,
2008-05-21 00:00:00,,,,,,
2008-05-22 00:00:00,,,,,,
2008-05-23 00:00:00,,,,,,
2008-05-27 00:00:00,,,,,,
2008-05-28 00:00:00,,,,,,
2008-05-29 00:00:00,,,,,,
2008-05-30 00:00:00,,,,,,
2008-06-02 00:00:00,,,,,,
2008-06-03 00:00:00,,,,,,
2008-06-04 00:00:00,,,,,,
2008-06-05 00:00:00,,,,,,
2008-06-06 00:00:00,,,,,,
2008-06-09 00:00:00,,,,,,
2008-06-10 00:00:00,,,,,,
2008-06-11 00:00:00,,,,,,
2008-06-12 00:00:00,,,,,,
2008-06-13 00:00:00,,,,,,
2008-06-16 00:00:00,,,,,,
2008-06-17 00:00:00,,,,,,
2008-06-18 00:00:00,,,,,,
2008-06-19 00:00:00,,,,,,
2008-06-20 00:00:00,,,,,,
2008-06-23 00:00:00,,,,,,
2008-06-24 00:00:00,,,,,,
2008-06-25 00:00:00,,,,,,
2008-06-26 00:00:00,,,,,,
2008-06-27 00:00:00,,,,,,
2008-06-30 00:00:00,,,,,,
2008-07-01 00:00:00,,,,,,
2008-07-02 00:00:00,,,,,,
2008-07-03 00:00:00,,,,,,
2008-07-07 00:00:00,,,,,,
2008-07-08 00:00:00,,,,,,
2008-07-09 00:00:00,,,,,,
2008-07-10 00:00:00,,,,,,
2008-07-11 00:00:00,,,,,,
2008-07-14 00:00:00,,,,,,
2008-07-15 00:00:00,,,,,,
2008-07-16 00:00:00,,,,,,
2008-07-17 00:00:00,,,,,,
2008-07-18 00:00:00,,,,,,
2008-07-21 00:00:00,,,,,,
2008-07-22 00:00:00,,,,,,
2008-07-23 00:00:00,,,,,,
2008-07-24 00:00:00,,,,,,
2008-07-25 00:00:00,,,,,,
2008-07-28 00:00:00,,,,,,
2008-07-29 00:00:00,,,,,,
2008-07-30 00:00:00,,,,,,
2008-07-31 00:00:00,,,,,,
2008-08-01 00:00:00,,,,,,
2008-08-04 00:00:00,,,,,,
2008-08-05 00:00:00,,,,,,
2008-08-06 00:00:00,,,,,,
2008-08-07 00:00:00,,,,,,
2008-08-08 00:00:00,,,,,,
2008-08-11 00:00:00,,,,,,
2008-08-12 00:00:00,,,,,,
2008-08-13 00:00:00,,,,,,
2008-08-14 00:00:00,,,,,,
2008-08-15 00:00:00,,,,,,
2008-08-18 00:00:00,,,,,,
2008-08-19 00:00:00,,,,,,
2008-08-20 00:00:00,,,,,,
2008-08-21 00:00:00,,,,,,
2008-08-22 00:00:00,,,,,,
2008-08-25 00:00:00,,,,,,
2008-08-26 00:00:00,,,,,,
2008-08-27 00:00:00,,,,,,
2008-08-28 00:00:00,,,,,,
2008-08-29 00:00:00,,,,,,
2008-09-02 00:00:00,,,,,,
2008-09-03 00:00:00,,,,,,
2008-09-04 00:00:00,,,,,,
2008-09-05 00:00:00,,,,,,
2008-09-08 00:00:00,,,,,,
2008-09-09 00:00:00,,,,,,
2008-09-10 00:00:00,,,,,,
2008-09-11 00:00:00,,,,,,
2008-09-12 00:00:00,,,,,,
2008-09-15 00:00:00,,,,,,
2008-09-16 00:00:00,,,,,,
2008-09-17 00:00:00,,,,,,
2008-09-18 00:00:00,,,,,,
2008-09-19 00:00:00,,,,,,
2008-09-22 00:00:00,,,,,,
2008-09-23 00:00:00,,,,,,
2008-09-24 00:00:00,,,,,,
2008-09-25 00:00:00,,,,,,
2008-09-26 00:00:00,,,,,,
2008-09-29 00:00:00,,,,,,
2008-09-30 00:00:00,,,,,,
2008-10-01 00:00:00,,,,,,
2008-10-02 00:00:00,,,,,,
2008-10-03 00:00:00,,,,,,
2008-10-06 00:00:00,,,,,,
2008-10-07 00:00:00,,,,,,
2008-10-08 00:00:00,,,,,,
2008-10-09 00:00:00,,,,,,
2008-10-10 00:00:00,,,,,,
2008-10-13 00:00:00,,,,,,
2008-10-14 00:00:00,,,,,,
2008-10-15 00:00:00,,,,,,
2008-10-16 00:00:00,,,,,,
2008-10-17 00:00:00,,,,,,
2008-10-20 00:00:00,,,,,,
2008-10-21 00:00:00,,,,,,
2008-10-22 00:00:00,,,,,,
2008-10-23 00:00:00,,,,,,
2008-10-24 00:00:00,,,,,,
2008-10-27 00:00:00,,,,,,
2008-10-28 00:00:00,,,,,,
2008-10-29 00:00:00,,,,,,
2008-10-30 00:00:00,,,,,,
2008-10-31 00:00:00,,,,,,
2008-11-03 00:00:00,,,,,,
2008-11-04 00:00:00,,,,,,
2008-11-05 00:00:00,,,,,,
2008-11-06 00:00:00,,,,,,
2008-11-07 00:00:00,,,,,,
2008-11-10 00:00:00,,,,,,
2008-11-11 00:00:00,,,,,,
2008-11-12 00:00:00,,,,,,
2008-11-13 00:00:00,,,,,,
2008-11-14 00:00:00,,,,,,
2008-11-17 00:00:00,,,,,,
2008-11-18 00:00:00,,,,,,
2008-11-19 00:00:00,,,,,,
2008-11-20 00:00:00,,,,,,
2008-11-21 00:00:00,,,,,,
2008-11-24 00:00:00,,,,,,
2008-11-25 00:00:00,,,,,,
2008-11-26 00:00:00,,,,,,
2008-11-28 00:00:00,,,,,,
2008-12-01 00:00:00,,,,,,
2008-12-02 00:00:00,,,,,,
2008-12-03 00:00:00,,,,,,
2008-12-04 00:00:00,,,,,,
2008-12-05 00:00:00,,,,,,
2008-12-08 00:00:00,,,,,,
2008-12-09 00:00:00,,,,,,
2008-12-10 00:00:00,,,,,,
2008-12-11 00:00:00,,,,,,
2008-12-12 00:00:00,,,,,,
2008-12-15 00:00:00,,,,,,
2008-12-16 00:00:00,,,,,,
2008-12-17 00:00:00,,,,,,
2008-12-18 00:00:00,,,,,,
2008-12-19 00:00:00,,,,,,
2008-12-22 00:00:00,,,,,,
2008-12-23 00:00:00,,,,,,
2008-12-24 00:00:00,,,,,,
2008-12-26 00:00:00,,,,,,
2008-12-29 00:00:00,,,,,,
2008-12-30 00:00:00,,,,,,
2008-12-31 00:00:00,,,,,,
2009-01-02 00:00:00,,,,,,
2009-01-05 00:00:00,,,,,,
2009-01-06 00:00:00,,,,,,
2009-01-07 00:00:00,,,,,,
2009-01-08 00:00:00,,,,,,
2009-01-09 00:00:00,,,,,,
2009-01-12 00:00:00,,,,,,
2009-01-13 00:00:00,,,,,,
2009-01-14 00:00:00,,,,,,
2009-01-15 00:00:00,,,,,,
2009-01-16 00:00:00,,,,,,
2009-01-20 00:00:00,,,,,,
2009-01-21 00:00:00,,,,,,
2009-01-22 00:00:00,,,,,,
2009-01-23 00:00:00,,,,,,
2009-01-26 00:00:00,,,,,,
2009-01-27 00:00:00,,,,,,
2009-01-28 00:00:00,,,,,,
2009-01-29 00:00:00,,,,,,
2009-01-30 00:00:00,,,,,,
2009-02-02 00:00:00,,,,,,
2009-02-03 00:00:00,,,,,,
2009-02-04 00:00:00,,,,,,
2009-02-05 00:00:00,,,,,,
2009-02-06 00:00:00,,,,,,
2009-02-09 00:00:00,,,,,,
2009-02-10 00:00:00,,,,,,
2009-02-11 00:00:00,,,,,,
2009-02-12 00:00:00,,,,,,
2009-02-13 00:00:00,,,,,,
2009-02-17 00:00:00,,,,,,
2009-02-18 00:00:00,,,,,,
2009-02-19 00:00:00,,,,,,
2009-02-20 00:00:00,,,,,,
2009-02-23 00:00:00,,,,,,
2009-02-24 00:00:00,,,,,,
2009-02-25 00:00:00,,,,,,
2009-02-26 00:00:00,,,,,,
2009-02-27 00:00:00,,,,,,
2009-03-02 00:00:00,,,,,,
2009-03-03 00:00:00,,,,,,
2009-03-04 00:00:00,,,,,,
2009-03-05 00:00:00,,,,,,
2009-03-06 00:00:00,,,,,,
2009-03-09 00:00:00,,,,,,
2009-03-10 00:00:00,,,,,,
2009-03-11 00:00:00,,,,,,
2009-03-12 00:00:00,,,,,,
2009-03-13 00:00:00,,,,,,
2009-03-16 00:00:00,,,,,,
2009-03-17 00:00:00,,,,,,
2009-03-18 00:00:00,,,,,,
2009-03-19 00:00:00,,,,,,
2009-03-20 00:00:00,,,,,,
2009-03-23 00:00:00,,,,,,
2009-03-24 00:00:00,,,,,,
2009-03-25 00:00:00,,,,,,
2009-03-26 00:00:00,,,,,,
2009-03-27 00:00:00,,,,,,
2009-03-30 00:00:00,,,,,,
2009-03-31 00:00:00,,,,,,
2009-04-01 00:00:00,,,,,,
2009-04-02 00:00:00,,,,,,
2009-04-03 00:00:00,,,,,,
2009-04-06 00:00:00,,,,,,
2009-04-07 00:00:00,,,,,,
2009-04-08 00:00:00,,,,,,
2009-04-09 00:00:00,,,,,,
2009-04-13 00:00:00,,,,,,
2009-04-14 00:00:00,,,,,,
2009-04-15 00:00:00,,,,,,
2009-04-16 00:00:00,,,,,,
2009-04-17 00:00:00,,,,,,
2009-04-20 00:00:00,,,,,,
2009-04-21 00:00:00,,,,,,
2009-04-22 00:00:00,,,,,,
2009-04-23 00:00:00,,,,,,
2009-04-24 00:00:00,,,,,,
2009-04-27 00:00:00,,,,,,
2009-04-28 00:00:00,,,,,,
2009-04-29 00:00:00,,,,,,
2009-04-30 00:00:00,,,,,,
2009-05-01 00:00:00,,,,,,
2009-05-04 00:00:00,,,,,,
2009-05-05 00:00:00,,,,,,
2009-05-06 00:00:00,,,,,,
2009-05-07 00:00:00,,,,,,
2009-05-08 00:00:00,,,,,,
2009-05-11 00:00:00,,,,,,
2009-05-12 00:00:00,,,,,,
2009-05-13 00:00:00,,,,,,
2009-05-14 00:00:00,,,,,,
2009-05-15 00:00:00,,,,,,
2009-05-18 00:00:00,,,,,,
2009-05-19 00:00:00,,,,,,
2009-05-20 00:00:00,,,,,,
2009-05-21 00:00:00,,,,,,
2009-05-22 00:00:00,,,,,,
2009-05-26 00:00:00,,,,,,
2009-05-27 00:00:00,,,,,,
2009-05-28 00:00:00,,,,,,
2009-05-29 00:00:00,,,,,,
2009-06-01 00:00:00,,,,,,
2009-06-02 00:00:00,,,,,,
2009-06-03 00:00:00,,,,,,
2009-06-04 00:00:00,,,,,,
2009-06-05 00:00:00,,,,,,
2009-06-08 00:00:00,,,,,,
2009-06-09 00:00:00,,,,,,
2009-06-10 00:00:00,,,,,,
2009-06-11 00:00:00,,,,,,
2009-06-12 00:00:00,,,,,,
2009-06-15 00:00:00,,,,,,
2009-06-16 00:00:00,,,,,,
2009-06-17 00:00:00,,,,,,
2009-06-18 00:00:00,,,,,,
2009-06-19 00:00:00,,,,,,
2009-06-22 00:00:00,,,,,,
2009-06-23 00:00:00,,,,,,
2009-06-24 00:00:00,,,,,,
2009-06-25 00:00:00,,,,,,
2009-06-26 00:00:00,,,,,,
2009-06-29 00:00:00,,,,,,
2009-06-30 00:00:00,,,,,,
2009-07-01 00:00:00,,,,,,
2009-07-02 00:00:00,,,,,,
2009-07-06 00:00:00,,,,,,
2009-07-07 00:00:00,,,,,,
2009-07-08 00:00:00,,,,,,
2009-07-09 00:00:00,,,,,,
2009-07-10 00:00:00,,,,,,
2009-07-13 00:00:00,,,,,,
2009-07-14 00:00:00,,,,,,
2009-07-15 00:00:00,,,,,,
2009-07-16 00:00:00,,,,,,
2009-07-17 00:00:00,,,,,,
2009-07-20 00:00:00,,,,,,
2009-07-21 00:00:00,,,,,,
2009-07-22 00:00:00,,,,,,
2009-07-23 00:00:00,,,,,,
2009-07-24 00:00:00,,,,,,
2009-07-27 00:00:00,,,,,,
2009-07-28 00:00:00,,,,,,
2009-07-29 00:00:00,,,,,,
2009-07-30 00:00:00,,,,,,
2009-07-31 00:00:00,,,,,,
2009-08-03 00:00:00,,,,,,
2009-08-04 00:00:00,,,,,,
2009-08-05 00:00:00,,,,,,
2009-08-06 00:00:00,,,,,,
2009-08-07 00:00:00,,,,,,
2009-08-10 00:00:00,,,,,,
2009-08-11 00:00:00,,,,,,
2009-08-12 00:00:00,,,,,,
2009-08-13 00:00:00,,,,,,
2009-08-14 00:00:00,,,,,,
2009-08-17 00:00:00,,,,,,
2009-08-18 00:00:00,,,,,,
2009-08-19 00:00:00,,,,,,
2009-08-20 00:00:00,,,,,,
2009-08-21 00:00:00,,,,,,
2009-08-24 00:00:00,,,,,,
2009-08-25 00:00:00,,,,,,
2009-08-26 00:00:00,,,,,,
2009-08-27 00:00:00,,,,,,
2009-08-28 00:00:00,,,,,,
2009-08-31 00:00:00,,,,,,
2009-09-01 00:00:00,,,,,,
2009-09-02 00:00:00,,,,,,
2009-09-03 00:00:00,,,,,,
2009-09-04 00:00:00,,,,,,
2009-09-08 00:00:00,,,,,,
2009-09-09 00:00:00,,,,,,
2009-09-10 00:00:00,,,,,,
2009-09-11 00:00:00,,,,,,
2009-09-14 00:00:00,,,,,,
2009-09-15 00:00:00,,,,,,
2009-09-16 00:00:00,,,,,,
2009-09-17 00:00:00,,,,,,
2009-09-18 00:00:00,,,,,,
2009-09-21 00:00:00,,,,,,
2009-09-22 00:00:00,,,,,,
2009-09-23 00:00:00,,,,,,
2009-09-24 00:00:00,,,,,,
2009-09-25 00:00:00,,,,,,
2009-09-28 00:00:00,,,,,,
2009-09-29 00:00:00,,,,,,
2009-09-30 00:00:00,,,,,,
2009-10-01 00:00:00,,,,,,
2009-10-02 00:00:00,,,,,,
2009-10-05 00:00:00,,,,,,
2009-10-06 00:00:00,,,,,,
2009-10-07 00:00:00,,,,,,
2009-10-08 00:00:00,,,,,,
2009-10-09 00:00:00,,,,,,
2009-10-12 00:00:00,,,,,,
2009-10-13 00:00:00,,,,,,
2009-10-14 00:00:00,,,,,,
2009-10-15 00:00:00,,,,,,
2009-10-16 00:00:00,,,,,,
2009-10-19 00:00:00,,,,,,
2009-10-20 00:00:00,,,,,,
2009-10-21 00:00:00,,,,,,
2009-10-22 00:00:00,,,,,,
2009-10-23 00:00:00,,,,,,
2009-10-26 00:00:00,,,,,,
2009-10-27 00:00:00,,,,,,
2009-10-28 00:00:00,,,,,,
2009-10-29 00:00:00,,,,,,
2009-10-30 00:00:00,,,,,,
2009-11-02 00:00:00,,,,,,
2009-11-03 00:00:00,,,,,,
2009-11-04 00:00:00,,,,,,
2009-11-05 00:00:00,,,,,,
2009-11-06 00:00:00,,,,,,
2009-11-09 00:00:00,,,,,,
2009-11-10 00:00:00,,,,,,
2009-11-11 00:00:00,,,,,,
2009-11-12 00:00:00,,,,,,
2009-11-13 00:00:00,,,,,,
2009-11-16 00:00:00,,,,,,
2009-11-17 00:00:00,,,,,,
2009-11-18 00:00:00,,,,,,
2009-11-19 00:00:00,,,,,,
2009-11-20 00:00:00,,,,,,
2009-11-23 00:00:00,,,,,,
2009-11-24 00:00:00,,,,,,
2009-11-25 00:00:00,,,,,,
2009-11-27 00:00:00,,,,,,
2009-11-30 00:00:00,,,,,,
2009-12-01 00:00:00,,,,,,
2009-12-02 00:00:00,,,,,,
2009-12-03 00:00:00,,,,,,
2009-12-04 00:00:00,,,,,,
2009-12-07 00:00:00,,,,,,
2009-12-08 00:00:00,,,,,,
2009-12-09 00:00:00,,,,,,
2009-12-10 00:00:00,,,,,,
2009-12-11 00:00:00,,,,,,
2009-12-14 00:00:00,,,,,,
2009-12-15 00:00:00,,,,,,
2009-12-16 00:00:00,,,,,,
2009-12-17 00:00:00,,,,,,
2009-12-18 00:00:00,,,,,,
2009-12-21 00:00:00,,,,,,
2009-12-22 00:00:00,,,,,,
2009-12-23 00:00:00,,,,,,
2009-12-24 00:00:00,,,,,,
2009-12-28 00:00:00,,,,,,
2009-12-29 00:00:00,,,,,,
2009-12-30 00:00:00,,,,,,
2009-12-31 00:00:00,,,,,,
2010-01-04 00:00:00,,,,,,
2010-01-05 00:00:00,,,,,,
2010-01-06 00:00:00,,,,,,
2010-01-07 00:00:00,,,,,,
2010-01-08 00:00:00,,,,,,
2010-01-11 00:00:00,,,,,,
2010-01-12 00:00:00,,,,,,
2010-01-13 00:00:00,,,,,,
2010-01-14 00:00:00,,,,,,
2010-01-15 00:00:00,,,,,,
2010-01-19 00:00:00,,,,,,
2010-01-20 00:00:00,,,,,,
2010-01-21 00:00:00,,,,,,
2010-01-22 00:00:00,,,,,,
2010-01-25 00:00:00,,,,,,
2010-01-26 00:00:00,,,,,,
2010-01-27 00:00:00,,,,,,
2010-01-28 00:00:00,,,,,,
2010-01-29 00:00:00,,,,,,
2010-02-01 00:00:00,,,,,,
2010-02-02 00:00:00,,,,,,
2010-02-03 00:00:00,,,,,,
2010-02-04 00:00:00,,,,,,
2010-02-05 00:00:00,,,,,,
2010-02-08 00:00:00,,,,,,
2010-02-09 00:00:00,,,,,,
2010-02-10 00:00:00,,,,,,
2010-02-11 00:00:00,,,,,,
2010-02-12 00:00:00,,,,,,
2010-02-16 00:00:00,,,,,,
2010-02-17 00:00:00,,,,,,
2010-02-18 00:00:00,,,,,,
2010-02-19 00:00:00,,,,,,
2010-02-22 00:00:00,,,,,,
2010-02-23 00:00:00,,,,,,
2010-02-24 00:00:00,,,,,,
2010-02-25 00:00:00,,,,,,
2010-02-26 00:00:00,,,,,,
2010-03-01 00:00:00,,,,,,
2010-03-02 00:00:00,,,,,,
2010-03-03 00:00:00,,,,,,
2010-03-04 00:00:00,,,,,,
2010-03-05 00:00:00,,,,,,
2010-03-08 00:00:00,,,,,,
2010-03-09 00:00:00,,,,,,
2010-03-10 00:00:00,,,,,,
2010-03-11 00:00:00,,,,,,
2010-03-12 00:00:00,,,,,,
2010-03-15 00:00:00,,,,,,
2010-03-16 00:00:00,,,,,,
2010-03-17 00:00:00,,,,,,
2010-03-18 00:00:00,,,,,,
2010-03-19 00:00:00,,,,,,
2010-03-22 00:00:00,,,,,,
2010-03-23 00:00:00,,,,,,
2010-03-24 00:00:00,,,,,,
2010-03-25 00:00:00,,,,,,
2010-03-26 00:00:00,,,,,,
2010-03-29 00:00:00,,,,,,
2010-03-30 00:00:00,,,,,,
2010-03-31 00:00:00,,,,,,
2010-04-01 00:00:00,,,,,,
2010-04-05 00:00:00,,,,,,
2010-04-06 00:00:00,,,,,,
2010-04-07 00:00:00,,,,,,
2010-04-08 00:00:00,,,,,,
2010-04-09 00:00:00,,,,,,
2010-04-12 00:00:00,,,,,,
2010-04-13 00:00:00,,,,,,
2010-04-14 00:00:00,,,,,,
2010-04-15 00:00:00,,,,,,
2010-04-16 00:00:00,,,,,,
2010-04-19 00:00:00,,,,,,
2010-04-20 00:00:00,,,,,,
2010-04-21 00:00:00,,,,,,
2010-04-22 00:00:00,,,,,,
2010-04-23 00:00:00,,,,,,
2010-04-26 00:00:00,,,,,,
2010-04-27 00:00:00,,,,,,
2010-04-28 00:00:00,,,,,,
2010-04-29 00:00:00,,,,,,
2010-04-30 00:00:00,,,,,,
2010-05-03 00:00:00,,,,,,
2010-05-04 00:00:00,,,,,,
2010-05-05 00:00:00,,,,,,
2010-05-06 00:00:00,,,,,,
2010-05-07 00:00:00,,,,,,
2010-05-10 00:00:00,,,,,,
2010-05-11 00:00:00,,,,,,
2010-05-12 00:00:00,,,,,,
2010-05-13 00:00:00,,,,,,
2010-05-14 00:00:00,,,,,,
2010-05-17 00:00:00,,,,,,
2010-05-18 00:00:00,,,,,,
2010-05-19 00:00:00,,,,,,
2010-05-20 00:00:00,,,,,,
2010-05-21 00:00:00,,,,,,
2010-05-24 00:00:00,,,,,,
2010-05-25 00:00:00,,,,,,
2010-05-26 00:00:00,,,,,,
2010-05-27 00:00:00,,,,,,
2010-05-28 00:00:00,,,,,,
2010-06-01 00:00:00,,,,,,
2010-06-02 00:00:00,,,,,,
2010-06-03 00:00:00,,,,,,
2010-06-04 00:00:00,,,,,,
2010-06-07 00:00:00,,,,,,
2010-06-08 00:00:00,,,,,,
2010-06-09 00:00:00,,,,,,
2010-06-10 00:00:00,,,,,,
2010-06-11 00:00:00,,,,,,
2010-06-14 00:00:00,,,,,,
2010-06-15 00:00:00,,,,,,
2010-06-16 00:00:00,,,,,,
2010-06-17 00:00:00,,,,,,
2010-06-18 00:00:00,,,,,,
2010-06-21 00:00:00,,,,,,
2010-06-22 00:00:00,,,,,,
2010-06-23 00:00:00,,,,,,
2010-06-24 00:00:00,,,,,,
2010-06-25 00:00:00,,,,,,
2010-06-28 00:00:00,,,,,,
2010-06-29 00:00:00,,,,,,
2010-06-30 00:00:00,,,,,,
2010-07-01 00:00:00,,,,,,
2010-07-02 00:00:00,,,,,,
2010-07-06 00:00:00,,,,,,
2010-07-07 00:00:00,,,,,,
2010-07-08 00:00:00,,,,,,
2010-07-09 00:00:00,,,,,,
2010-07-12 00:00:00,,,,,,
2010-07-13 00:00:00,,,,,,
2010-07-14 00:00:00,,,,,,
2010-07-15 00:00:00,,,,,,
2010-07-16 00:00:00,,,,,,
2010-07-19 00:00:00,,,,,,
2010-07-20 00:00:00,,,,,,
2010-07-21 00:00:00,,,,,,
2010-07-22 00:00:00,,,,,,
2010-07-23 00:00:00,,,,,,
2010-07-26 00:00:00,,,,,,
2010-07-27 00:00:00,,,,,,
2010-07-28 00:00:00,,,,,,
2010-07-29 00:00:00,,,,,,
2010-07-30 00:00:00,,,,,,
2010-08-02 00:00:00,,,,,,
2010-08-03 00:00:00,,,,,,
2010-08-04 00:00:00,,,,,,
2010-08-05 00:00:00,,,,,,
2010-08-06 00:00:00,,,,,,
2010-08-09 00:00:00,,,,,,
2010-08-10 00:00:00,,,,,,
2010-08-11 00:00:00,,,,,,
2010-08-12 00:00:00,,,,,,
2010-08-13 00:00:00,,,,,,
2010-08-16 00:00:00,,,,,,
2010-08-17 00:00:00,,,,,,
2010-08-18 00:00:00,,,,,,
2010-08-19 00:00:00,,,,,,
2010-08-20 00:00:00,,,,,,
2010-08-23 00:00:00,,,,,,
2010-08-24 00:00:00,,,,,,
2010-08-25 00:00:00,,,,,,
2010-08-26 00:00:00,,,,,,
2010-08-27 00:00:00,,,,,,
2010-08-30 00:00:00,,,,,,
2010-08-31 00:00:00,,,,,,
2010-09-01 00:00:00,,,,,,
2010-09-02 00:00:00,,,,,,
2010-09-03 00:00:00,,,,,,
2010-09-07 00:00:00,,,,,,
2010-09-08 00:00:00,,,,,,
2010-09-09 00:00:00,,,,,,
2010-09-10 00:00:00,,,,,,
2010-09-13 00:00:00,,,,,,
2010-09-14 00:00:00,,,,,,
2010-09-15 00:00:00,,,,,,
2010-09-16 00:00:00,,,,,,
2010-09-17 00:00:00,,,,,,
2010-09-20 00:00:00,,,,,,
2010-09-21 00:00:00,,,,,,
2010-09-22 00:00:00,,,,,,
2010-09-23 00:00:00,,,,,,
2010-09-24 00:00:00,,,,,,
2010-09-27 00:00:00,,,,,,
2010-09-28 00:00:00,,,,,,
2010-09-29 00:00:00,,,,,,
2010-09-30 00:00:00,,,,,,
2010-10-01 00:00:00,,,,,,
2010-10-04 00:00:00,,,,,,
2010-10-05 00:00:00,,,,,,
2010-10-06 00:00:00,,,,,,
2010-10-07 00:00:00,,,,,,
2010-10-08 00:00:00,,,,,,
2010-10-11 00:00:00,,,,,,
2010-10-12 00:00:00,,,,,,
2010-10-13 00:00:00,,,,,,
2010-10-14 00:00:00,,,,,,
2010-10-15 00:00:00,,,,,,
2010-10-18 00:00:00,,,,,,
2010-10-19 00:00:00,,,,,,
2010-10-20 00:00:00,,,,,,
2010-10-21 00:00:00,,,,,,
2010-10-22 00:00:00,,,,,,
2010-10-25 00:00:00,,,,,,
2010-10-26 00:00:00,,,,,,
2010-10-27 00:00:00,,,,,,
2010-10-28 00:00:00,,,,,,
2010-10-29 00:00:00,,,,,,
2010-11-01 00:00:00,,,,,,
2010-11-02 00:00:00,,,,,,
2010-11-03 00:00:00,,,,,,
2010-11-04 00:00:00,,,,,,
2010-11-05 00:00:00,,,,,,
2010-11-08 00:00:00,,,,,,
2010-11-09 00:00:00,,,,,,
2010-11-10 00:00:00,,,,,,
2010-11-11 00:00:00,,,,,,
2010-11-12 00:00:00,,,,,,
2010-11-15 00:00:00,,,,,,
2010-11-16 00:00:00,,,,,,
2010-11-17 00:00:00,,,,,,
2010-11-18 00:00:00,,,,,,
2010-11-19 00:00:00,,,,,,
2010-11-22 00:00:00,,,,,,
2010-11-23 00:00:00,,,,,,
2010-11-24 00:00:00,,,,,,
2010-11-26 00:00:00,,,,,,
2010-11-29 00:00:00,,,,,,
2010-11-30 00:00:00,,,,,,
2010-12-01 00:00:00,,,,,,
2010-12-02 00:00:00,,,,,,
2010-12-03 00:00:00,,,,,,
2010-12-06 00:00:00,,,,,,
2010-12-07 00:00:00,,,,,,
2010-12-08 00:00:00,,,,,,
2010-12-09 00:00:00,,,,,,
2010-12-10 00:00:00,,,,,,
2010-12-13 00:00:00,,,,,,
2010-12-14 00:00:00,,,,,,
2010-12-15 00:00:00,,,,,,
2010-12-16 00:00:00,,,,,,
2010-12-17 00:00:00,,,,,,
2010-12-20 00:00:00,,,,,,
2010-12-21 00:00:00,,,,,,
2010-12-22 00:00:00,,,,,,
2010-12-23 00:00:00,,,,,,
2010-12-27 00:00:00,,,,,,
2010-12-28 00:00:00,,,,,,
2010-12-29 00:00:00,,,,,,
2010-12-30 00:00:00,,,,,,
2010-12-31 00:00:00,,,,,,
2011-01-03 00:00:00,,,,,,
2011-01-04 00:00:00,,,,,,
2011-01-05 00:00:00,,,,,,
2011-01-06 00:00:00,,,,,,
2011-01-07 00:00:00,,,,,,
2011-01-10 00:00:00,,,,,,
2011-01-11 00:00:00,,,,,,
2011-01-12 00:00:00,,,,,,
2011-01-13 00:00:00,,,,,,
2011-01-14 00:00:00,,,,,,
2011-01-18 00:00:00,,,,,,
2011-01-19 00:00:00,,,,,,
2011-01-20 00:00:00,,,,,,
2011-01-21 00:00:00,,,,,,
2011-01-24 00:00:00,,,,,,
2011-01-25 00:00:00,,,,,,
2011-01-26 00:00:00,,,,,,
2011-01-27 00:00:00,,,,,,
2011-01-28 00:00:00,,,,,,
2011-01-31 00:00:00,,,,,,
2011-02-01 00:00:00,,,,,,
2011-02-02 00:00:00,,,,,,
2011-02-03 00:00:00,,,,,,
2011-02-04 00:00:00,,,,,,
2011-02-07 00:00:00,,,,,,
2011-02-08 00:00:00,,,,,,
2011-02-09 00:00:00,,,,,,
2011-02-10 00:00:00,,,,,,
2011-02-11 00:00:00,,,,,,
2011-02-14 00:00:00,,,,,,
2011-02-15 00:00:00,,,,,,
2011-02-16 00:00:00,,,,,,
2011-02-17 00:00:00,,,,,,
2011-02-18 00:00:00,,,,,,
2011-02-22 00:00:00,,,,,,
2011-02-23 00:00:00,,,,,,
2011-02-24 00:00:00,,,,,,
2011-02-25 00:00:00,,,,,,
2011-02-28 00:00:00,,,,,,
2011-03-01 00:00:00,,,,,,
2011-03-02 00:00:00,,,,,,
2011-03-03 00:00:00,,,,,,
2011-03-04 00:00:00,,,,,,
2011-03-07 00:00:00,,,,,,
2011-03-08 00:00:00,,,,,,
2011-03-09 00:00:00,,,,,,
2011-03-10 00:00:00,,,,,,
2011-03-11 00:00:00,,,,,,
2011-03-14 00:00:00,,,,,,
2011-03-15 00:00:00,,,,,,
2011-03-16 00:00:00,,,,,,
2011-03-17 00:00:00,,,,,,
2011-03-18 00:00:00,,,,,,
2011-03-21 00:00:00,,,,,,
2011-03-22 00:00:00,,,,,,
2011-03-23 00:00:00,,,,,,
2011-03-24 00:00:00,,,,,,
2011-03-25 00:00:00,,,,,,
2011-03-28 00:00:00,,,,,,
2011-03-29 00:00:00,,,,,,
2011-03-30 00:00:00,,,,,,
2011-03-31 00:00:00,,,,,,
2011-04-01 00:00:00,,,,,,
2011-04-04 00:00:00,,,,,,
2011-04-05 00:00:00,,,,,,
2011-04-06 00:00:00,,,,,,
2011-04-07 00:00:00,,,,,,
2011-04-08 00:00:00,,,,,,
2011-04-11 00:00:00,,,,,,
2011-04-12 00:00:00,,,,,,
2011-04-13 00:00:00,,,,,,
2011-04-14 00:00:00,,,,,,
2011-04-15 00:00:00,,,,,,
2011-04-18 00:00:00,,,,,,
2011-04-19 00:00:00,,,,,,
2011-04-20 00:00:00,,,,,,
2011-04-21 00:00:00,,,,,,
2011-04-25 00:00:00,,,,,,
2011-04-26 00:00:00,,,,,,
2011-04-27 00:00:00,,,,,,
2011-04-28 00:00:00,,,,,,
2011-04-29 00:00:00,,,,,,
2011-05-02 00:00:00,,,,,,
2011-05-03 00:00:00,,,,,,
2011-05-04 00:00:00,,,,,,
2011-05-05 00:00:00,,,,,,
2011-05-06 00:00:00,,,,,,
2011-05-09 00:00:00,,,,,,
2011-05-10 00:00:00,,,,,,
2011-05-11 00:00:00,,,,,,
2011-05-12 00:00:00,,,,,,
2011-05-13 00:00:00,,,,,,
2011-05-16 00:00:00,,,,,,
2011-05-17 00:00:00,,,,,,
2011-05-18 00:00:00,,,,,,
2011-05-19 00:00:00,,,,,,
2011-05-20 00:00:00,,,,,,
2011-05-23 00:00:00,,,,,,
2011-05-24 00:00:00,,,,,,
2011-05-25 00:00:00,,,,,,
2011-05-26 00:00:00,,,,,,
2011-05-27 00:00:00,,,,,,
2011-05-31 00:00:00,,,,,,
2011-06-01 00:00:00,,,,,,
2011-06-02 00:00:00,,,,,,
2011-06-03 00:00:00,,,,,,
2011-06-06 00:00:00,,,,,,
2011-06-07 00:00:00,,,,,,
2011-06-08 00:00:00,,,,,,
2011-06-09 00:00:00,,,,,,
2011-06-10 00:00:00,,,,,,
2011-06-13 00:00:00,,,,,,
2011-06-14 00:00:00,,,,,,
2011-06-15 00:00:00,,,,,,
2011-06-16 00:00:00,,,,,,
2011-06-17 00:00:00,,,,,,
2011-06-20 00:00:00,,,,,,
2011-06-21 00:00:00,,,,,,
2011-06-22 00:00:00,,,,,,
2011-06-23 00:00:00,,,,,,
2011-06-24 00:00:00,,,,,,
2011-06-27 00:00:00,,,,,,
2011-06-28 00:00:00,,,,,,
2011-06-29 00:00:00,,,,,,
2011-06-30 00:00:00,,,,,,
2011-07-01 00:00:00,,,,,,
2011-07-05 00:00:00,,,,,,
2011-07-06 00:00:00,,,,,,
2011-07-07 00:00:00,,,,,,
2011-07-08 00:00:00,,,,,,
2011-07-11 00:00:00,,,,,,
2011-07-12 00:00:00,,,,,,
2011-07-13 00:00:00,,,,,,
2011-07-14 00:00:00,,,,,,
2011-07-15 00:00:00,,,,,,
2011-07-18 00:00:00,,,,,,
2011-07-19 00:00:00,,,,,,
2011-07-20 00:00:00,,,,,,
2011-07-21 00:00:00,,,,,,
2011-07-22 00:00:00,,,,,,
2011-07-25 00:00:00,,,,,,
2011-07-26 00:00:00,,,,,,
2011-07-27 00:00:00,,,,,,
2011-07-28 00:00:00,,,,,,
2011-07-29 00:00:00,,,,,,
2011-08-01 00:00:00,,,,,,
2011-08-02 00:00:00,,,,,,
2011-08-03 00:00:00,,,,,,
2011-08-04 00:00:00,,,,,,
2011-08-05 00:00:00,,,,,,
2011-08-08 00:00:00,,,,,,
2011-08-09 00:00:00,,,,,,
2011-08-10 00:00:00,,,,,,
2011-08-11 00:00:00,,,,,,
2011-08-12 00:00:00,,,,,,
2011-08-15 00:00:00,,,,,,
2011-08-16 00:00:00,,,,,,
2011-08-17 00:00:00,,,,,,
2011-08-18 00:00:00,,,,,,
2011-08-19 00:00:00,,,,,,
2011-08-22 00:00:00,,,,,,
2011-08-23 00:00:00,,,,,,
2011-08-24 00:00:00,,,,,,
2011-08-25 00:00:00,,,,,,
2011-08-26 00:00:00,,,,,,
2011-08-29 00:00:00,,,,,,
2011-08-30 00:00:00,,,,,,
2011-08-31 00:00:00,,,,,,
2011-09-01 00:00:00,,,,,,
2011-09-02 00:00:00,,,,,,
2011-09-06 00:00:00,,,,,,
2011-09-07 00:00:00,,,,,,
2011-09-08 00:00:00,,,,,,
2011-09-09 00:00:00,,,,,,
2011-09-12 00:00:00,,,,,,
2011-09-13 00:00:00,,,,,,
2011-09-14 00:00:00,,,,,,
2011-09-15 00:00:00,,,,,,
2011-09-16 00:00:00,,,,,,
2011-09-19 00:00:00,,,,,,
2011-09-20 00:00:00,,,,,,
2011-09-21 00:00:00,,,,,,
2011-09-22 00:00:00,,,,,,
2011-09-23 00:00:00,,,,,,
2011-09-26 00:00:00,,,,,,
2011-09-27 00:00:00,,,,,,
2011-09-28 00:00:00,,,,,,
2011-09-29 00:00:00,,,,,,
2011-09-30 00:00:00,,,,,,
2011-10-03 00:00:00,,,,,,
2011-10-04 00:00:00,,,,,,
2011-10-05 00:00:00,,,,,,
2011-10-06 00:00:00,,,,,,
2011-10-07 00:00:00,,,,,,
2011-10-10 00:00:00,,,,,,
2011-10-11 00:00:00,,,,,,
2011-10-12 00:00:00,,,,,,
2011-10-13 00:00:00,,,,,,
2011-10-14 00:00:00,,,,,,
2011-10-17 00:00:00,,,,,,
2011-10-18 00:00:00,,,,,,
2011-10-19 00:00:00,,,,,,
2011-10-20 00:00:00,,,,,,
2011-10-21 00:00:00,,,,,,
2011-10-24 00:00:00,,,,,,
2011-10-25 00:00:00,,,,,,
2011-10-26 00:00:00,,,,,,
2011-10-27 00:00:00,,,,,,
2011-10-28 00:00:00,,,,,,
2011-10-31 00:00:00,,,,,,
2011-11-01 00:00:00,,,,,,
2011-11-02 00:00:00,,,,,,
2011-11-03 00:00:00,,,,,,
2011-11-04 00:00:00,,,,,,
2011-11-07 00:00:00,,,,,,
2011-11-08 00:00:00,,,,,,
2011-11-09 00:00:00,,,,,,
2011-11-10 00:00:00,,,,,,
2011-11-11 00:00:00,,,,,,
2011-11-14 00:00:00,,,,,,
2011-11-15 00:00:00,,,,,,
2011-11-16 00:00:00,,,,,,
2011-11-17 00:00:00,,,,,,
2011-11-18 00:00:00,,,,,,
2011-11-21 00:00:00,,,,,,
2011-11-22 00:00:00,,,,,,
2011-11-23 00:00:00,,,,,,
2011-11-25 00:00:00,,,,,,
2011-11-28 00:00:00,,,,,,
2011-11-29 00:00:00,,,,,,
2011-11-30 00:00:00,,,,,,
2011-12-01 00:00:00,,,,,,
2011-12-02 00:00:00,,,,,,
2011-12-05 00:00:00,,,,,,
2011-12-06 00:00:00,,,,,,
2011-12-07 00:00:00,,,,,,
2011-12-08 00:00:00,,,,,,
2011-12-09 00:00:00,,,,,,
2011-12-12 00:00:00,,,,,,
2011-12-13 00:00:00,,,,,,
2011-12-14 00:00:00,,,,,,
2011-12-15 00:00:00,,,,,,
2011-12-16 00:00:00,,,,,,
2011-12-19 00:00:00,,,,,,
2011-12-20 00:00:00,,,,,,
2011-12-21 00:00:00,,,,,,
2011-12-22 00:00:00,,,,,,
2011-12-23 00:00:00,,,,,,
2011-12-27 00:00:00,,,,,,
2011-12-28 00:00:00,,,,,,
2011-12-29 00:00:00,,,,,,
2011-12-30 00:00:00,,,,,,
2012-01-03 00:00:00,,,,,,
2012-01-04 00:00:00,,,,,,
2012-01-05 00:00:00,,,,,,
2012-01-06 00:00:00,,,,,,
2012-01-09 00:00:00,,,,,,
2012-01-10 00:00:00,,,,,,
2012-01-11 00:00:00,,,,,,
2012-01-12 00:00:00,,,,,,
2012-01-13 00:00:00,,,,,,
2012-01-17 00:00:00,,,,,,
2012-01-18 00:00:00,,,,,,
2012-01-19 00:00:00,,,,,,
2012-01-20 00:00:00,,,,,,
2012-01-23 00:00:00,,,,,,
2012-01-24 00:00:00,,,,,,
2012-01-25 00:00:00,,,,,,
2012-01-26 00:00:00,,,,,,
2012-01-27 00:00:00,,,,,,
2012-01-30 00:00:00,,,,,,
2012-01-31 00:00:00,,,,,,
2012-02-01 00:00:00,,,,,,
2012-02-02 00:00:00,,,,,,
2012-02-03 00:00:00,,,,,,
2012-02-06 00:00:00,,,,,,
2012-02-07 00:00:00,,,,,,
2012-02-08 00:00:00,,,,,,
2012-02-09 00:00:00,,,,,,
2012-02-10 00:00:00,,,,,,
2012-02-13 00:00:00,,,,,,
2012-02-14 00:00:00,,,,,,
2012-02-15 00:00:00,,,,,,
2012-02-16 00:00:00,,,,,,
2012-02-17 00:00:00,,,,,,
2012-02-21 00:00:00,,,,,,
2012-02-22 00:00:00,,,,,,
2012-02-23 00:00:00,,,,,,
2012-02-24 00:00:00,,,,,,
2012-02-27 00:00:00,,,,,,
2012-02-28 00:00:00,,,,,,
2012-02-29 00:00:00,,,,,,
2012-03-01 00:00:00,,,,,,
2012-03-02 00:00:00,,,,,,
2012-03-05 00:00:00,,,,,,
2012-03-06 00:00:00,,,,,,
2012-03-07 00:00:00,,,,,,
2012-03-08 00:00:00,,,,,,
2012-03-09 00:00:00,,,,,,
2012-03-12 00:00:00,,,,,,
2012-03-13 00:00:00,,,,,,
2012-03-14 00:00:00,,,,,,
2012-03-15 00:00:00,,,,,,
2012-03-16 00:00:00,,,,,,
2012-03-19 00:00:00,,,,,,
2012-03-20 00:00:00,,,,,,
2012-03-21 00:00:00,,,,,,
2012-03-22 00:00:00,,,,,,
2012-03-23 00:00:00,,,,,,
2012-03-26 00:00:00,,,,,,
2012-03-27 00:00:00,,,,,,
2012-03-28 00:00:00,,,,,,
2012-03-29 00:00:00,,,,,,
2012-03-30 00:00:00,,,,,,
2012-04-02 00:00:00,,,,,,
2012-04-03 00:00:00,,,,,,
2012-04-04 00:00:00,,,,,,
2012-04-05 00:00:00,,,,,,
2012-04-09 00:00:00,,,,,,
2012-04-10 00:00:00,,,,,,
2012-04-11 00:00:00,,,,,,
2012-04-12 00:00:00,,,,,,
2012-04-13 00:00:00,,,,,,
2012-04-16 00:00:00,,,,,,
2012-04-17 00:00:00,,,,,,
2012-04-18 00:00:00,,,,,,
2012-04-19 00:00:00,,,,,,
2012-04-20 00:00:00,,,,,,
2012-04-23 00:00:00,,,,,,
2012-04-24 00:00:00,,,,,,
2012-04-25 00:00:00,,,,,,
2012-04-26 00:00:00,,,,,,
2012-04-27 00:00:00,,,,,,
2012-04-30 00:00:00,,,,,,
2012-05-01 00:00:00,,,,,,
2012-05-02 00:00:00,,,,,,
2012-05-03 00:00:00,,,,,,
2012-05-04 00:00:00,,,,,,
2012-05-07 00:00:00,,,,,,
2012-05-08 00:00:00,,,,,,
2012-05-09 00:00:00,,,,,,
2012-05-10 00:00:00,,,,,,
2012-05-11 00:00:00,,,,,,
2012-05-14 00:00:00,,,,,,
2012-05-15 00:00:00,,,,,,
2012-05-16 00:00:00,,,,,,
2012-05-17 00:00:00,,,,,,
2012-05-18 00:00:00,,,,,,
2012-05-21 00:00:00,,,,,,
2012-05-22 00:00:00,,,,,,
2012-05-23 00:00:00,,,,,,
2012-05-24 00:00:00,,,,,,
2012-05-25 00:00:00,,,,,,
2012-05-29 00:00:00,,,,,,
2012-05-30 00:00:00,,,,,,
2012-05-31 00:00:00,,,,,,
2012-06-01 00:00:00,,,,,,
2012-06-04 00:00:00,,,,,,
2012-06-05 00:00:00,,,,,,
2012-06-06 00:00:00,,,,,,
2012-06-07 00:00:00,,,,,,
2012-06-08 00:00:00,,,,,,
2012-06-11 00:00:00,,,,,,
2012-06-12 00:00:00,,,,,,
2012-06-13 00:00:00,,,,,,
2012-06-14 00:00:00,,,,,,
2012-06-15 00:00:00,,,,,,
2012-06-18 00:00:00,,,,,,
2012-06-19 00:00:00,,,,,,
2012-06-20 00:00:00,,,,,,
2012-06-21 00:00:00,,,,,,
2012-06-22 00:00:00,,,,,,
2012-06-25 00:00:00,,,,,,
2012-06-26 00:00:00,,,,,,
2012-06-27 00:00:00,,,,,,
2012-06-28 00:00:00,,,,,,
2012-06-29 00:00:00,,,,,,
2012-07-02 00:00:00,,,,,,
2012-07-03 00:00:00,,,,,,
2012-07-05 00:00:00,,,,,,
2012-07-06 00:00:00,,,,,,
2012-07-09 00:00:00,,,,,,
2012-07-10 00:00:00,,,,,,
2012-07-11 00:00:00,,,,,,
2012-07-12 00:00:00,,,,,,
2012-07-13 00:00:00,,,,,,
2012-07-16 00:00:00,,,,,,
2012-07-17 00:00:00,,,,,,
2012-07-18 00:00:00,,,,,,
2012-07-19 00:00:00,,,,,,
2012-07-20 00:00:00,,,,,,
2012-07-23 00:00:00,,,,,,
2012-07-24 00:00:00,,,,,,
2012-07-25 00:00:00,,,,,,
2012-07-26 00:00:00,,,,,,
2012-07-27 00:00:00,,,,,,
2012-07-30 00:00:00,,,,,,
2012-07-31 00:00:00,,,,,,
2012-08-01 00:00:00,,,,,,
2012-08-02 00:00:00,,,,,,
2012-08-03 00:00:00,,,,,,
2012-08-06 00:00:00,,,,,,
2012-08-07 00:00:00,,,,,,
2012-08-08 00:00:00,,,,,,
2012-08-09 00:00:00,,,,,,
2012-08-10 00:00:00,,,,,,
2012-08-13 00:00:00,,,,,,
2012-08-14 00:00:00,,,,,,
2012-08-15 00:00:00,,,,,,
2012-08-16 00:00:00,,,,,,
2012-08-17 00:00:00,,,,,,
2012-08-20 00:00:00,,,,,,
2012-08-21 00:00:00,,,,,,
2012-08-22 00:00:00,,,,,,
2012-08-23 00:00:00,,,,,,
2012-08-24 00:00:00,,,,,,
2012-08-27 00:00:00,,,,,,
2012-08-28 00:00:00,,,,,,
2012-08-29 00:00:00,,,,,,
2012-08-30 00:00:00,,,,,,
2012-08-31 00:00:00,,,,,,
2012-09-04 00:00:00,,,,,,
2012-09-05 00:00:00,,,,,,
2012-09-06 00:00:00,,,,,,
2012-09-07 00:00:00,,,,,,
2012-09-10 00:00:00,,,,,,
2012-09-11 00:00:00,,,,,,
2012-09-12 00:00:00,,,,,,
2012-09-13 00:00:00,,,,,,
2012-09-14 00:00:00,,,,,,
2012-09-17 00:00:00,,,,,,
2012-09-18 00:00:00,,,,,,
2012-09-19 00:00:00,,,,,,
2012-09-20 00:00:00,,,,,,
2012-09-21 00:00:00,,,,,,
2012-09-24 00:00:00,,,,,,
2012-09-25 00:00:00,,,,,,
2012-09-26 00:00:00,,,,,,
2012-09-27 00:00:00,,,,,,
2012-09-28 00:00:00,,,,,,
2012-10-01 00:00:00,,,,,,
2012-10-02 00:00:00,,,,,,
2012-10-03 00:00:00,,,,,,
2012-10-04 00:00:00,,,,,,
2012-10-05 00:00:00,,,,,,
2012-10-08 00:00:00,,,,,,
2012-10-09 00:00:00,,,,,,
2012-10-10 00:00:00,,,,,,
2012-10-11 00:00:00,,,,,,
2012-10-12 00:00:00,,,,,,
2012-10-15 00:00:00,,,,,,
2012-10-16 00:00:00,,,,,,
2012-10-17 00:00:00,,,,,,
2012-10-18 00:00:00,,,,,,
2012-10-19 00:00:00,,,,,,
2012-10-22 00:00:00,,,,,,
2012-10-23 00:00:00,,,,,,
2012-10-24 00:00:00,,,,,,
2012-10-25 00:00:00,,,,,,
2012-10-26 00:00:00,,,,,,
2012-10-29 00:00:00,,,,,,
2012-10-31 00:00:00,,,,,,
2012-11-01 00:00:00,,,,,,
2012-11-02 00:00:00,,,,,,
2012-11-05 00:00:00,,,,,,
2012-11-06 00:00:00,,,,,,
2012-11-07 00:00:00,,,,,,
2012-11-08 00:00:00,,,,,,
2012-11-09 00:00:00,,,,,,
2012-11-12 00:00:00,,,,,,
2012-11-13 00:00:00,,,,,,
2012-11-14 00:00:00,,,,,,
2012-11-15 00:00:00,,,,,,
2012-11-16 00:00:00,,,,,,
2012-11-19 00:00:00,,,,,,
2012-11-20 00:00:00,,,,,,
2012-11-21 00:00:00,,,,,,
2012-11-23 00:00:00,,,,,,
2012-11-26 00:00:00,,,,,,
2012-11-27 00:00:00,,,,,,
2012-11-28 00:00:00,,,,,,
2012-11-29 00:00:00,,,,,,
2012-11-30 00:00:00,,,,,,
2012-12-03 00:00:00,,,,,,
2012-12-04 00:00:00,,,,,,
2012-12-05 00:00:00,,,,,,
2012-12-06 00:00:00,,,,,,
2012-12-07 00:00:00,,,,,,
2012-12-10 00:00:00,,,,,,
2012-12-11 00:00:00,,,,,,
2012-12-12 00:00:00,,,,,,
2012-12-13 00:00:00,,,,,,
2012-12-14 00:00:00,,,,,,
2012-12-17 00:00:00,,,,,,
2012-12-18 00:00:00,,,,,,
2012-12-19 00:00:00,,,,,,
2012-12-20 00:00:00,,,,,,
2012-12-21 00:00:00,,,,,,
2012-12-24 00:00:00,,,,,,
2012-12-26 00:00:00,,,,,,
2012-12-27 00:00:00,,,,,,
2012-12-28 00:00:00,,,,,,
2012-12-31 00:00:00,,,,,,
2013-01-02 00:00:00,,,,,,
2013-01-03 00:00:00,,,,,,
2013-01-04 00:00:00,,,,,,
2013-01-07 00:00:00,,,,,,
2013-01-08 00:00:00,,,,,,
2013-01-09 00:00:00,,,,,,
2013-01-10 00:00:00,,,,,,
2013-01-11 00:00:00,,,,,,
2013-01-14 00:00:00,,,,,,
2013-01-15 00:00:00,,,,,,
2013-01-16 00:00:00,,,,,,
2013-01-17 00:00:00,,,,,,
2013-01-18 00:00:00,,,,,,
2013-01-22 00:00:00,,,,,,
2013-01-23 00:00:00,,,,,,
2013-01-24 00:00:00,,,,,,
2013-01-25 00:00:00,,,,,,
2013-01-28 00:00:00,,,,,,
2013-01-29 00:00:00,,,,,,
2013-01-30 00:00:00,,,,,,
2013-01-31 00:00:00,,,,,,
2013-02-01 00:00:00,,,,,,
2013-02-04 00:00:00,,,,,,
2013-02-05 00:00:00,,,,,,
2013-02-06 00:00:00,,,,,,
2013-02-07 00:00:00,,,,,,
2013-02-08 00:00:00,,,,,,
2013-02-11 00:00:00,,,,,,
2013-02-12 00:00:00,,,,,,
2013-02-13 00:00:00,,,,,,
2013-02-14 00:00:00,,,,,,
2013-02-15 00:00:00,,,,,,
2013-02-19 00:00:00,,,,,,
2013-02-20 00:00:00,,,,,,
2013-02-21 00:00:00,,,,,,
2013-02-22 00:00:00,,,,,,
2013-02-25 00:00:00,,,,,,
2013-02-26 00:00:00,,,,,,
2013-02-27 00:00:00,,,,,,
2013-02-28 00:00:00,,,,,,
2013-03-01 00:00:00,,,,,,
2013-03-04 00:00:00,,,,,,
2013-03-05 00:00:00,,,,,,
2013-03-06 00:00:00,,,,,,
2013-03-07 00:00:00,,,,,,
2013-03-08 00:00:00,,,,,,
2013-03-11 00:00:00,,,,,,
2013-03-12 00:00:00,,,,,,
2013-03-13 00:00:00,,,,,,
2013-03-14 00:00:00,,,,,,
2013-03-15 00:00:00,,,,,,
2013-03-18 00:00:00,,,,,,
2013-03-19 00:00:00,,,,,,
2013-03-20 00:00:00,,,,,,
2013-03-21 00:00:00,,,,,,
2013-03-22 00:00:00,,,,,,
2013-03-25 00:00:00,,,,,,
2013-03-26 00:00:00,,,,,,
2013-03-27 00:00:00,,,,,,
2013-03-28 00:00:00,,,,,,
2013-04-01 00:00:00,,,,,,
2013-04-02 00:00:00,,,,,,
2013-04-03 00:00:00,,,,,,
2013-04-04 00:00:00,,,,,,
2013-04-05 00:00:00,,,,,,
2013-04-08 00:00:00,,,,,,
2013-04-09 00:00:00,,,,,,
2013-04-10 00:00:00,,,,,,
2013-04-11 00:00:00,,,,,,
2013-04-12 00:00:00,,,,,,
2013-04-15 00:00:00,,,,,,
2013-04-16 00:00:00,,,,,,
2013-04-17 00:00:00,,,,,,
2013-04-18 00:00:00,,,,,,
2013-04-19 00:00:00,,,,,,
2013-04-22 00:00:00,,,,,,
2013-04-23 00:00:00,,,,,,
2013-04-24 00:00:00,,,,,,
2013-04-25 00:00:00,,,,,,
2013-04-26 00:00:00,,,,,,
2013-04-29 00:00:00,,,,,,
2013-04-30 00:00:00,,,,,,
2013-05-01 00:00:00,,,,,,
2013-05-02 00:00:00,,,,,,
2013-05-03 00:00:00,,,,,,
2013-05-06 00:00:00,,,,,,
2013-05-07 00:00:00,,,,,,
2013-05-08 00:00:00,,,,,,
2013-05-09 00:00:00,,,,,,
2013-05-10 00:00:00,,,,,,
2013-05-13 00:00:00,,,,,,
2013-05-14 00:00:00,,,,,,
2013-05-15 00:00:00,,,,,,
2013-05-16 00:00:00,,,,,,
2013-05-17 00:00:00,,,,,,
2013-05-20 00:00:00,,,,,,
2013-05-21 00:00:00,,,,,,
2013-05-22 00:00:00,,,,,,
2013-05-23 00:00:00,,,,,,
2013-05-24 00:00:00,,,,,,
2013-05-28 00:00:00,,,,,,
2013-05-29 00:00:00,,,,,,
2013-05-30 00:00:00,,,,,,
2013-05-31 00:00:00,,,,,,
2013-06-03 00:00:00,,,,,,
2013-06-04 00:00:00,,,,,,
2013-06-05 00:00:00,,,,,,
2013-06-06 00:00:00,,,,,,
2013-06-07 00:00:00,,,,,,
2013-06-10 00:00:00,,,,,,
2013-06-11 00:00:00,,,,,,
2013-06-12 00:00:00,,,,,,
2013-06-13 00:00:00,,,,,,
2013-06-14 00:00:00,,,,,,
2013-06-17 00:00:00,,,,,,
2013-06-18 00:00:00,,,,,,
2013-06-19 00:00:00,,,,,,
2013-06-20 00:00:00,,,,,,
2013-06-21 00:00:00,,,,,,
2013-06-24 00:00:00,,,,,,
2013-06-25 00:00:00,,,,,,
2013-06-26 00:00:00,,,,,,
2013-06-27 00:00:00,,,,,,
2013-06-28 00:00:00,,,,,,
2013-07-01 00:00:00,,,,,,
2013-07-02 00:00:00,,,,,,
2013-07-03 00:00:00,,,,,,
2013-07-05 00:00:00,,,,,,
2013-07-08 00:00:00,,,,,,
2013-07-09 00:00:00,,,,,,
2013-07-10 00:00:00,,,,,,
2013-07-11 00:00:00,,,,,,
2013-07-12 00:00:00,,,,,,
2013-07-15 00:00:00,,,,,,
2013-07-16 00:00:00,,,,,,
2013-07-17 00:00:00,,,,,,
2013-07-18 00:00:00,,,,,,
2013-07-19 00:00:00,,,,,,
2013-07-22 00:00:00,,,,,,
2013-07-23 00:00:00,,,,,,
2013-07-24 00:00:00,,,,,,
2013-07-25 00:00:00,,,,,,
2013-07-26 00:00:00,,,,,,
2013-07-29 00:00:00,,,,,,
2013-07-30 00:00:00,,,,,,
2013-07-31 00:00:00,,,,,,
2013-08-01 00:00:00,,,,,,
2013-08-02 00:00:00,,,,,,
2013-08-05 00:00:00,,,,,,
2013-08-06 00:00:00,,,,,,
2013-08-07 00:00:00,,,,,,
2013-08-08 00:00:00,,,,,,
2013-08-09 00:00:00,,,,,,
2013-08-12 00:00:00,,,,,,
2013-08-13 00:00:00,,,,,,
2013-08-14 00:00:00,,,,,,
2013-08-15 00:00:00,,,,,,
2013-08-16 00:00:00,,,,,,
2013-08-19 00:00:00,,,,,,
2013-08-20 00:00:00,,,,,,
2013-08-21 00:00:00,,,,,,
2013-08-22 00:00:00,,,,,,
2013-08-23 00:00:00,,,,,,
2013-08-26 00:00:00,,,,,,
2013-08-27 00:00:00,,,,,,
2013-08-28 00:00:00,,,,,,
2013-08-29 00:00:00,,,,,,
2013-08-30 00:00:00,,,,,,
2013-09-03 00:00:00,,,,,,
2013-09-04 00:00:00,,,,,,
2013-09-05 00:00:00,,,,,,
2013-09-06 00:00:00,,,,,,
2013-09-09 00:00:00,,,,,,
2013-09-10 00:00:00,,,,,,
2013-09-11 00:00:00,,,,,,
2013-09-12 00:00:00,,,,,,
2013-09-13 00:00:00,,,,,,
2013-09-16 00:00:00,,,,,,
2013-09-17 00:00:00,,,,,,
2013-09-18 00:00:00,,,,,,
2013-09-19 00:00:00,,,,,,
2013-09-20 00:00:00,,,,,,
2013-09-23 00:00:00,,,,,,
2013-09-24 00:00:00,,,,,,
2013-09-25 00:00:00,,,,,,
2013-09-26 00:00:00,,,,,,
2013-09-27 00:00:00,,,,,,
2013-09-30 00:00:00,,,,,,
2013-10-01 00:00:00,,,,,,
2013-10-02 00:00:00,,,,,,
2013-10-03 00:00:00,,,,,,
2013-10-04 00:00:00,,,,,,
2013-10-07 00:00:00,,,,,,
2013-10-08 00:00:00,,,,,,
2013-10-09 00:00:00,,,,,,
2013-10-10 00:00:00,,,,,,
2013-10-11 00:00:00,,,,,,
2013-10-14 00:00:00,,,,,,
2013-10-15 00:00:00,,,,,,
2013-10-16 00:00:00,,,,,,
2013-10-17 00:00:00,,,,,,
2013-10-18 00:00:00,,,,,,
2013-10-21 00:00:00,,,,,,
2013-10-22 00:00:00,,,,,,
2013-10-23 00:00:00,,,,,,
2013-10-24 00:00:00,,,,,,
2013-10-25 00:00:00,,,,,,
2013-10-28 00:00:00,,,,,,
2013-10-29 00:00:00,,,,,,
2013-10-30 00:00:00,,,,,,
2013-10-31 00:00:00,,,,,,
2013-11-01 00:00:00,,,,,,
2013-11-04 00:00:00,,,,,,
2013-11-05 00:00:00,,,,,,
2013-11-06 00:00:00,,,,,,
2013-11-07 00:00:00,,,,,,
2013-11-08 00:00:00,,,,,,
2013-11-11 00:00:00,,,,,,
2013-11-12 00:00:00,,,,,,
2013-11-13 00:00:00,,,,,,
2013-11-14 00:00:00,,,,,,
2013-11-15 00:00:00,,,,,,
2013-11-18 00:00:00,,,,,,
2013-11-19 00:00:00,,,,,,
2013-11-20 00:00:00,,,,,,
2013-11-21 00:00:00,,,,,,
2013-11-22 00:00:00,,,,,,
2013-11-25 00:00:00,,,,,,
2013-11-26 00:00:00,,,,,,
2013-11-27 00:00:00,,,,,,
2013-11-29 00:00:00,,,,,,
2013-12-02 00:00:00,,,,,,
2013-12-03 00:00:00,,,,,,
2013-12-04 00:00:00,,,,,,
2013-12-05 00:00:00,,,,,,
2013-12-06 00:00:00,,,,,,
2013-12-09 00:00:00,,,,,,
2013-12-10 00:00:00,,,,,,
2013-12-11 00:00:00,,,,,,
2013-12-12 00:00:00,,,,,,
2013-12-13 00:00:00,,,,,,
2013-12-16 00:00:00,,,,,,
2013-12-17 00:00:00,,,,,,
2013-12-18 00:00:00,,,,,,
2013-12-19 00:00:00,,,,,,
2013-12-20 00:00:00,,,,,,
2013-12-23 00:00:00,,,,,,
2013-12-24 00:00:00,,,,,,
2013-12-26 00:00:00,,,,,,
2013-12-27 00:00:00,,,,,,
2013-12-30 00:00:00,,,,,,
2013-12-31 00:00:00,,,,,,
2014-01-02 00:00:00,,,,,,
2014-01-03 00:00:00,,,,,,
2014-01-06 00:00:00,,,,,,
2014-01-07 00:00:00,,,,,,
2014-01-08 00:00:00,,,,,,
2014-01-09 00:00:00,,,,,,
2014-01-10 00:00:00,,,,,,
2014-01-13 00:00:00,,,,,,
2014-01-14 00:00:00,,,,,,
2014-01-15 00:00:00,,,,,,
2014-01-16 00:00:00,,,,,,
2014-01-17 00:00:00,,,,,,
2014-01-21 00:00:00,,,,,,
2014-01-22 00:00:00,,,,,,
2014-01-23 00:00:00,,,,,,
2014-01-24 00:00:00,,,,,,
2014-01-27 00:00:00,,,,,,
2014-01-28 00:00:00,,,,,,
2014-01-29 00:00:00,,,,,,
2014-01-30 00:00:00,,,,,,
2014-01-31 00:00:00,,,,,,
2014-02-03 00:00:00,,,,,,
2014-02-04 00:00:00,,,,,,
2014-02-05 00:00:00,,,,,,
2014-02-06 00:00:00,,,,,,
2014-02-07 00:00:00,,,,,,
2014-02-10 00:00:00,,,,,,
2014-02-11 00:00:00,,,,,,
2014-02-12 00:00:00,,,,,,
2014-02-13 00:00:00,,,,,,
2014-02-14 00:00:00,,,,,,
2014-02-18 00:00:00,,,,,,
2014-02-19 00:00:00,,,,,,
2014-02-20 00:00:00,,,,,,
2014-02-21 00:00:00,,,,,,
2014-02-24 00:00:00,,,,,,
2014-02-25 00:00:00,,,,,,
2014-02-26 00:00:00,,,,,,
2014-02-27 00:00:00,,,,,,
2014-02-28 00:00:00,,,,,,
2014-03-03 00:00:00,,,,,,
2014-03-04 00:00:00,,,,,,
2014-03-05 00:00:00,,,,,,
2014-03-06 00:00:00,,,,,,
2014-03-07 00:00:00,,,,,,
2014-03-10 00:00:00,,,,,,
2014-03-11 00:00:00,,,,,,
2014-03-12 00:00:00,,,,,,
2014-03-13 00:00:00,,,,,,
2014-03-14 00:00:00,,,,,,
2014-03-17 00:00:00,,,,,,
2014-03-18 00:00:00,,,,,,
2014-03-19 00:00:00,,,,,,
2014-03-20 00:00:00,,,,,,
2014-03-21 00:00:00,,,,,,
2014-03-24 00:00:00,,,,,,
2014-03-25 00:00:00,,,,,,
2014-03-26 00:00:00,,,,,,
2014-03-27 00:00:00,,,,,,
2014-03-28 00:00:00,,,,,,
2014-03-31 00:00:00,,,,,,
2014-04-01 00:00:00,,,,,,
2014-04-02 00:00:00,,,,,,
2014-04-03 00:00:00,,,,,,
2014-04-04 00:00:00,,,,,,
2014-04-07 00:00:00,,,,,,
2014-04-08 00:00:00,,,,,,
2014-04-09 00:00:00,,,,,,
2014-04-10 00:00:00,,,,,,
2014-04-11 00:00:00,,,,,,
2014-04-14 00:00:00,,,,,,
2014-04-15 00:00:00,,,,,,
2014-04-16 00:00:00,,,,,,
2014-04-17 00:00:00,,,,,,
2014-04-21 00:00:00,,,,,,
2014-04-22 00:00:00,,,,,,
2014-04-23 00:00:00,,,,,,
2014-04-24 00:00:00,,,,,,
2014-04-25 00:00:00,,,,,,
2014-04-28 00:00:00,,,,,,
2014-04-29 00:00:00,,,,,,
2014-04-30 00:00:00,,,,,,
2014-05-01 00:00:00,,,,,,
2014-05-02 00:00:00,,,,,,
2014-05-05 00:00:00,,,,,,
2014-05-06 00:00:00,,,,,,
2014-05-07 00:00:00,,,,,,
2014-05-08 00:00:00,,,,,,
2014-05-09 00:00:00,,,,,,
2014-05-12 00:00:00,,,,,,
2014-05-13 00:00:00,,,,,,
2014-05-14 00:00:00,,,,,,
2014-05-15 00:00:00,,,,,,
2014-05-16 00:00:00,,,,,,
2014-05-19 00:00:00,,,,,,
2014-05-20 00:00:00,,,,,,
2014-05-21 00:00:00,,,,,,
2014-05-22 00:00:00,,,,,,
2014-05-23 00:00:00,,,,,,
2014-05-27 00:00:00,,,,,,
2014-05-28 00:00:00,,,,,,
2014-05-29 00:00:00,,,,,,
2014-05-30 00:00:00,,,,,,
2014-06-02 00:00:00,,,,,,
2014-06-03 00:00:00,,,,,,
2014-06-04 00:00:00,,,,,,
2014-06-05 00:00:00,,,,,,
2014-06-06 00:00:00,,,,,,
2014-06-09 00:00:00,,,,,,
2014-06-10 00:00:00,,,,,,
2014-06-11 00:00:00,,,,,,
2014-06-12 00:00:00,,,,,,
2014-06-13 00:00:00,,,,,,
2014-06-16 00:00:00,,,,,,
2014-06-17 00:00:00,,,,,,
2014-06-18 00:00:00,,,,,,
2014-06-19 00:00:00,,,,,,
2014-06-20 00:00:00,,,,,,
2014-06-23 00:00:00,,,,,,
2014-06-24 00:00:00,,,,,,
2014-06-25 00:00:00,11.550000190734863,11.550000190734863,12.0,11.0600004196167,12.0,6074900.0
2014-06-26 00:00:00,11.899999618530273,11.899999618530273,11.949999809265137,11.600000381469727,11.789999961853027,637400.0
2014-06-27 00:00:00,11.920000076293945,11.920000076293945,12.039999961853027,11.800000190734863,11.989999771118164,640300.0
2014-06-30 00:00:00,11.5,11.5,12.029999732971191,11.260000228881836,11.920000076293945,545200.0
2014-07-01 00:00:00,13.550000190734863,13.550000190734863,14.399999618530273,11.5,11.789999961853027,2753700.0
2014-07-02 00:00:00,13.520000457763672,13.520000457763672,14.0,12.760000228881836,13.75,900800.0
2014-07-03 00:00:00,14.279999732971191,14.279999732971191,14.489999771118164,13.010000228881836,13.75,384800.0
2014-07-07 00:00:00,14.460000038146973,14.460000038146973,15.149999618530273,14.100000381469727,15.149999618530273,437500.0
2014-07-08 00:00:00,14.100000381469727,14.100000381469727,14.65999984741211,13.25,14.65999984741211,611500.0
2014-07-09 00:00:00,14.020000457763672,14.020000457763672,14.25,13.800000190734863,14.25,131000.0
2014-07-10 00:00:00,12.800000190734863,12.800000190734863,13.800000190734863,12.699999809265137,13.800000190734863,327600.0
2014-07-11 00:00:00,12.859999656677246,12.859999656677246,13.350000381469727,12.75,13.0,184600.0
2014-07-14 00:00:00,12.84000015258789,12.84000015258789,13.300000190734863,12.699999809265137,12.90999984741211,152700.0
2014-07-15 00:00:00,11.8100004196167,11.8100004196167,13.199999809265137,11.329999923706055,13.0,457800.0
2014-07-16 00:00:00,11.789999961853027,11.789999961853027,12.449999809265137,11.699999809265137,12.449999809265137,182800.0
2014-07-17 00:00:00,11.8100004196167,11.8100004196167,12.229999542236328,11.699999809265137,11.789999961853027,171800.0
2014-07-18 00:00:00,12.460000038146973,12.460000038146973,12.729999542236328,11.850000381469727,11.850000381469727,168800.0
2014-07-21 00:00:00,12.5600004196167,12.5600004196167,13.239999771118164,12.34000015258789,12.800000190734863,489200.0
2014-07-22 00:00:00,12.359999656677246,12.359999656677246,12.920000076293945,12.279999732971191,12.899999618530273,209900.0
2014-07-23 00:00:00,11.890000343322754,11.890000343322754,12.600000381469727,11.829999923706055,12.489999771118164,147800.0
2014-07-24 00:00:00,12.229999542236328,12.229999542236328,12.369999885559082,11.90999984741211,12.0,67300.0
2014-07-25 00:00:00,12.0,12.0,12.210000038146973,11.90999984741211,12.199999809265137,68900.0
2014-07-28 00:00:00,11.960000038146973,11.960000038146973,12.4399995803833,11.699999809265137,12.020000457763672,80600.0
2014-07-29 00:00:00,11.970000267028809,11.970000267028809,12.649999618530273,11.800000190734863,11.800000190734863,133400.0
2014-07-30 00:00:00,11.979999542236328,11.979999542236328,12.420000076293945,11.859999656677246,12.199999809265137,148000.0
2014-07-31 00:00:00,11.319999694824219,11.319999694824219,11.949999809265137,11.100000381469727,11.699999809265137,240200.0
2014-08-01 00:00:00,10.720000267028809,10.720000267028809,11.5,10.5,11.460000038146973,183600.0
2014-08-04 00:00:00,10.8100004196167,10.8100004196167,11.399999618530273,10.649999618530273,10.850000381469727,108200.0
2014-08-05 00:00:00,10.859999656677246,10.859999656677246,11.350000381469727,10.760000228881836,10.84000015258789,157700.0
2014-08-06 00:00:00,11.369999885559082,11.369999885559082,11.75,10.899999618530273,11.149999618530273,135900.0
2014-08-07 00:00:00,12.010000228881836,12.010000228881836,12.6899995803833,11.829999923706055,12.039999961853027,295100.0
2014-08-08 00:00:00,11.859999656677246,11.859999656677246,12.5,11.630000114440918,12.5,75800.0
2014-08-11 00:00:00,12.09000015258789,12.09000015258789,12.1899995803833,11.930000305175781,12.100000381469727,68700.0
2014-08-12 00:00:00,12.020000457763672,12.020000457763672,12.149999618530273,11.699999809265137,12.0,77300.0
2014-08-13 00:00:00,13.210000038146973,13.210000038146973,13.300000190734863,12.130000114440918,12.199999809265137,302600.0
2014-08-14 00:00:00,11.680000305175781,11.680000305175781,13.300000190734863,11.399999618530273,13.300000190734863,396000.0
2014-08-15 00:00:00,11.720000267028809,11.720000267028809,12.0,11.600000381469727,12.0,58200.0
2014-08-18 00:00:00,11.850000381469727,11.850000381469727,11.960000038146973,11.649999618530273,11.960000038146973,53000.0
2014-08-19 00:00:00,11.699999809265137,11.699999809265137,11.970000267028809,11.649999618530273,11.739999771118164,205100.0
2014-08-20 00:00:00,11.859999656677246,11.859999656677246,11.979999542236328,11.5,11.5,46800.0
2014-08-21 00:00:00,11.75,11.75,12.09000015258789,11.680000305175781,12.09000015258789,51100.0
2014-08-22 00:00:00,12.100000381469727,12.100000381469727,12.1899995803833,11.75,11.949999809265137,83300.0
2014-08-25 00:00:00,12.350000381469727,12.350000381469727,12.649999618530273,12.119999885559082,12.119999885559082,81800.0
2014-08-26 00:00:00,12.529999732971191,12.529999732971191,12.579999923706055,12.34000015258789,12.579999923706055,55400.0
2014-08-27 00:00:00,12.359999656677246,12.359999656677246,12.800000190734863,12.34000015258789,12.449999809265137,70700.0
2014-08-28 00:00:00,12.34000015258789,12.34000015258789,12.680000305175781,12.180000305175781,12.600000381469727,55700.0
2014-08-29 00:00:00,12.520000457763672,12.520000457763672,12.600000381469727,12.079999923706055,12.5,55100.0
2014-09-02 00:00:00,12.779999732971191,12.779999732971191,12.899999618530273,12.5,12.600000381469727,62900.0
2014-09-03 00:00:00,12.380000114440918,12.380000114440918,12.75,12.279999732971191,12.75,151200.0
2014-09-04 00:00:00,12.279999732971191,12.279999732971191,12.75,12.25,12.300000190734863,56100.0
2014-09-05 00:00:00,12.0600004196167,12.0600004196167,12.5,11.979999542236328,12.460000038146973,37800.0
2014-09-08 00:00:00,11.510000228881836,11.510000228881836,12.170000076293945,11.4399995803833,11.699999809265137,219300.0
2014-09-09 00:00:00,11.430000305175781,11.430000305175781,12.0600004196167,11.279999732971191,12.0600004196167,63000.0
2014-09-10 00:00:00,11.619999885559082,11.619999885559082,11.989999771118164,11.430000305175781,11.65999984741211,91000.0
2014-09-11 00:00:00,11.960000038146973,11.960000038146973,12.100000381469727,11.699999809265137,11.699999809265137,48000.0
2014-09-12 00:00:00,11.930000305175781,11.930000305175781,12.0,11.670000076293945,11.920000076293945,54500.0
2014-09-15 00:00:00,11.369999885559082,11.369999885559082,11.949999809265137,11.34000015258789,11.770000457763672,94700.0
2014-09-16 00:00:00,11.199999809265137,11.199999809265137,11.59000015258789,11.199999809265137,11.59000015258789,51500.0
2014-09-17 00:00:00,10.9399995803833,10.9399995803833,11.460000038146973,10.880000114440918,11.180000305175781,53200.0
2014-09-18 00:00:00,10.539999961853027,10.539999961853027,11.15999984741211,10.510000228881836,10.899999618530273,210100.0
2014-09-19 00:00:00,10.25,10.25,10.819999694824219,9.850000381469727,10.630000114440918,229900.0
2014-09-22 00:00:00,11.539999961853027,11.539999961853027,11.739999771118164,10.369999885559082,10.369999885559082,121800.0
2014-09-23 00:00:00,11.09000015258789,11.09000015258789,12.34000015258789,11.0,12.0,273100.0
2014-09-24 00:00:00,11.460000038146973,11.460000038146973,11.699999809265137,11.020000457763672,11.069999694824219,76900.0
2014-09-25 00:00:00,11.09000015258789,11.09000015258789,11.65999984741211,11.020000457763672,11.510000228881836,53400.0
2014-09-26 00:00:00,10.800000190734863,10.800000190734863,11.4399995803833,10.649999618530273,11.329999923706055,87000.0
2014-09-29 00:00:00,11.100000381469727,11.100000381469727,11.329999923706055,10.6899995803833,10.779999732971191,117600.0
2014-09-30 00:00:00,11.229999542236328,11.229999542236328,11.300000190734863,10.979999542236328,11.199999809265137,63700.0
2014-10-01 00:00:00,11.0,11.0,11.350000381469727,10.880000114440918,11.350000381469727,45200.0
2014-10-02 00:00:00,10.970000267028809,10.970000267028809,11.1899995803833,10.699999809265137,11.149999618530273,91700.0
2014-10-03 00:00:00,11.0600004196167,11.0600004196167,11.199999809265137,10.770000457763672,10.829999923706055,81300.0
2014-10-06 00:00:00,10.970000267028809,10.970000267028809,11.239999771118164,10.84000015258789,11.239999771118164,69100.0
2014-10-07 00:00:00,10.979999542236328,10.979999542236328,11.329999923706055,10.899999618530273,11.180000305175781,74800.0
2014-10-08 00:00:00,10.550000190734863,10.550000190734863,11.010000228881836,10.399999618530273,10.850000381469727,219100.0
2014-10-09 00:00:00,10.479999542236328,10.479999542236328,10.699999809265137,10.369999885559082,10.600000381469727,110500.0
2014-10-10 00:00:00,9.649999618530273,9.649999618530273,10.869999885559082,9.569999694824219,10.5,181500.0
2014-10-13 00:00:00,9.220000267028809,9.220000267028809,9.850000381469727,9.050000190734863,9.770000457763672,128900.0
2014-10-14 00:00:00,9.34000015258789,9.34000015258789,10.390000343322754,9.149999618530273,9.25,72100.0
2014-10-15 00:00:00,9.800000190734863,9.800000190734863,9.800000190734863,9.1899995803833,9.300000190734863,127700.0
2014-10-16 00:00:00,9.890000343322754,9.890000343322754,10.0,9.430000305175781,9.59000015258789,119700.0
2014-10-17 00:00:00,10.0600004196167,10.0600004196167,10.5,10.0,10.029999732971191,83900.0
2014-10-20 00:00:00,9.880000114440918,9.880000114440918,10.09000015258789,9.760000228881836,10.0,41800.0
2014-10-21 00:00:00,10.210000038146973,10.210000038146973,10.289999961853027,9.899999618530273,9.949999809265137,108500.0
2014-10-22 00:00:00,10.1899995803833,10.1899995803833,11.0,10.130000114440918,11.0,109200.0
2014-10-23 00:00:00,9.760000228881836,9.760000228881836,10.350000381469727,9.649999618530273,10.229999542236328,93900.0
2014-10-24 00:00:00,10.09000015258789,10.09000015258789,10.420000076293945,9.850000381469727,9.850000381469727,24000.0
2014-10-27 00:00:00,10.329999923706055,10.329999923706055,10.380000114440918,10.010000228881836,10.0600004196167,52700.0
2014-10-28 00:00:00,10.710000038146973,10.710000038146973,10.970000267028809,10.199999809265137,10.279999732971191,101900.0
2014-10-29 00:00:00,11.210000038146973,11.210000038146973,11.329999923706055,10.699999809265137,10.789999961853027,92000.0
2014-10-30 00:00:00,11.229999542236328,11.229999542236328,11.5,11.020000457763672,11.020000457763672,89700.0
2014-10-31 00:00:00,11.010000228881836,11.010000228881836,11.460000038146973,10.979999542236328,11.460000038146973,52100.0
2014-11-03 00:00:00,10.489999771118164,10.489999771118164,10.989999771118164,10.3100004196167,10.989999771118164,56400.0
2014-11-04 00:00:00,9.880000114440918,9.880000114440918,10.930000305175781,9.710000038146973,10.430000305175781,276800.0
2014-11-05 00:00:00,10.109999656677246,10.109999656677246,10.470000267028809,9.890000343322754,9.970000267028809,86800.0
2014-11-06 00:00:00,10.0,10.0,10.119999885559082,9.920000076293945,10.0,61100.0
2014-11-07 00:00:00,10.029999732971191,10.029999732971191,10.15999984741211,9.960000038146973,10.0600004196167,41000.0
2014-11-10 00:00:00,10.149999618530273,10.149999618530273,10.430000305175781,10.010000228881836,10.010000228881836,26600.0
2014-11-11 00:00:00,10.270000457763672,10.270000457763672,10.369999885559082,10.0,10.149999618530273,106100.0
2014-11-12 00:00:00,11.15999984741211,11.15999984741211,11.300000190734863,10.5,10.800000190734863,183800.0
2014-11-13 00:00:00,11.020000457763672,11.020000457763672,11.380000114440918,10.819999694824219,11.170000076293945,79700.0
2014-11-14 00:00:00,10.779999732971191,10.779999732971191,11.0600004196167,10.75,11.050000190734863,38600.0
2014-11-17 00:00:00,11.039999961853027,11.039999961853027,11.100000381469727,10.539999961853027,10.649999618530273,63600.0
2014-11-18 00:00:00,10.399999618530273,10.399999618530273,11.069999694824219,10.15999984741211,11.010000228881836,151700.0
2014-11-19 00:00:00,10.40999984741211,10.40999984741211,10.550000190734863,10.25,10.5,42900.0
2014-11-20 00:00:00,9.90999984741211,9.90999984741211,10.479999542236328,9.880000114440918,10.399999618530273,98800.0
2014-11-21 00:00:00,9.90999984741211,9.90999984741211,10.40999984741211,9.880000114440918,10.0,109300.0
2014-11-24 00:00:00,10.399999618530273,10.399999618530273,10.399999618530273,9.970000267028809,10.0,91100.0
2014-11-25 00:00:00,10.050000190734863,10.050000190734863,10.399999618530273,10.0,10.380000114440918,29100.0
2014-11-26 00:00:00,10.100000381469727,10.100000381469727,10.210000038146973,10.0600004196167,10.170000076293945,42700.0
2014-11-28 00:00:00,10.180000305175781,10.180000305175781,10.399999618530273,10.0,10.399999618530273,25400.0
2014-12-01 00:00:00,10.180000305175781,10.180000305175781,10.34000015258789,10.0,10.279999732971191,78400.0
2014-12-02 00:00:00,10.130000114440918,10.130000114440918,10.369999885559082,10.069999694824219,10.25,58300.0
2014-12-03 00:00:00,9.979999542236328,9.979999542236328,10.1899995803833,9.979999542236328,10.149999618530273,19200.0
2014-12-04 00:00:00,9.970000267028809,9.970000267028809,10.119999885559082,9.949999809265137,10.109999656677246,35300.0
2014-12-05 00:00:00,9.960000038146973,9.960000038146973,10.0600004196167,9.899999618530273,10.050000190734863,42200.0
2014-12-08 00:00:00,9.550000190734863,9.550000190734863,10.800000190734863,9.289999961853027,9.920000076293945,196200.0
2014-12-09 00:00:00,9.010000228881836,9.010000228881836,9.449999809265137,8.920000076293945,9.359999656677246,122800.0
2014-12-10 00:00:00,9.0,9.0,9.050000190734863,8.850000381469727,9.0,47200.0
2014-12-11 00:00:00,8.40999984741211,8.40999984741211,9.130000114440918,8.369999885559082,9.130000114440918,117600.0
2014-12-12 00:00:00,8.109999656677246,8.109999656677246,8.6899995803833,8.100000381469727,8.300000190734863,171700.0
2014-12-15 00:00:00,8.270000457763672,8.270000457763672,8.420000076293945,8.09000015258789,8.25,99000.0
2014-12-16 00:00:00,8.020000457763672,8.020000457763672,8.880000114440918,8.0,8.319999694824219,117300.0
2014-12-17 00:00:00,8.380000114440918,8.380000114440918,8.640000343322754,8.020000457763672,8.199999809265137,90500.0
2014-12-18 00:00:00,9.029999732971191,9.029999732971191,9.229999542236328,8.5600004196167,8.75,204000.0
2014-12-19 00:00:00,9.149999618530273,9.149999618530273,10.0,8.989999771118164,10.0,191400.0
2014-12-22 00:00:00,9.130000114440918,9.130000114440918,9.600000381469727,9.050000190734863,9.3100004196167,68400.0
2014-12-23 00:00:00,9.199999809265137,9.199999809265137,9.3100004196167,9.0,9.260000228881836,76300.0
2014-12-24 00:00:00,9.119999885559082,9.119999885559082,9.319999694824219,8.920000076293945,9.199999809265137,27200.0
2014-12-26 00:00:00,9.539999961853027,9.539999961853027,9.829999923706055,9.25,9.829999923706055,126100.0
2014-12-29 00:00:00,9.710000038146973,9.710000038146973,9.739999771118164,9.3100004196167,9.5,60300.0
2014-12-30 00:00:00,9.739999771118164,9.739999771118164,9.800000190734863,9.59000015258789,9.739999771118164,92000.0
2014-12-31 00:00:00,9.520000457763672,9.520000457763672,9.770000457763672,9.399999618530273,9.760000228881836,85000.0
2015-01-02 00:00:00,9.569999694824219,9.569999694824219,9.850000381469727,9.270000457763672,9.640000343322754,44600.0
2015-01-05 00:00:00,9.239999771118164,9.239999771118164,9.680000305175781,9.0600004196167,9.680000305175781,82300.0
2015-01-06 00:00:00,9.130000114440918,9.130000114440918,9.289999961853027,8.949999809265137,9.279999732971191,49700.0
2015-01-07 00:00:00,9.170000076293945,9.170000076293945,9.289999961853027,9.100000381469727,9.289999961853027,27000.0
2015-01-08 00:00:00,9.75,9.75,9.760000228881836,9.15999984741211,9.199999809265137,82400.0
2015-01-09 00:00:00,9.569999694824219,9.569999694824219,9.84000015258789,9.5,9.720000267028809,48100.0
2015-01-12 00:00:00,9.710000038146973,9.710000038146973,10.0,9.399999618530273,10.0,81400.0
2015-01-13 00:00:00,9.829999923706055,9.829999923706055,10.1899995803833,9.600000381469727,9.899999618530273,132000.0
2015-01-14 00:00:00,9.930000305175781,9.930000305175781,10.1899995803833,9.609999656677246,9.9399995803833,97800.0
2015-01-15 00:00:00,9.699999809265137,9.699999809265137,10.199999809265137,9.609999656677246,10.199999809265137,72300.0
2015-01-16 00:00:00,9.890000343322754,9.890000343322754,10.079999923706055,9.6899995803833,9.869999885559082,78000.0
2015-01-20 00:00:00,9.949999809265137,9.949999809265137,10.15999984741211,9.390000343322754,9.390000343322754,135100.0
2015-01-21 00:00:00,9.5,9.5,10.119999885559082,9.5,10.119999885559082,163800.0
2015-01-22 00:00:00,9.680000305175781,9.680000305175781,9.890000343322754,9.5,9.680000305175781,90700.0
2015-01-23 00:00:00,9.600000381469727,9.600000381469727,9.649999618530273,9.399999618530273,9.609999656677246,35800.0
2015-01-26 00:00:00,9.539999961853027,9.539999961853027,9.8100004196167,9.5,9.670000076293945,42200.0
2015-01-27 00:00:00,9.550000190734863,9.550000190734863,9.640000343322754,9.430000305175781,9.5,29500.0
2015-01-28 00:00:00,9.319999694824219,9.319999694824219,9.5600004196167,9.199999809265137,9.5600004196167,114000.0
2015-01-29 00:00:00,8.9399995803833,8.9399995803833,9.359999656677246,8.8100004196167,9.359999656677246,88300.0
2015-01-30 00:00:00,8.770000457763672,8.770000457763672,9.130000114440918,8.640000343322754,8.890000343322754,47100.0
2015-02-02 00:00:00,8.609999656677246,8.609999656677246,8.779999732971191,8.510000228881836,8.770000457763672,50000.0
2015-02-03 00:00:00,8.550000190734863,8.550000190734863,8.789999961853027,8.109999656677246,8.75,138600.0
2015-02-04 00:00:00,8.300000190734863,8.300000190734863,8.699999809265137,8.229999542236328,8.699999809265137,102200.0
2015-02-05 00:00:00,8.109999656677246,8.109999656677246,8.380000114440918,8.100000381469727,8.300000190734863,139700.0
2015-02-06 00:00:00,8.119999885559082,8.119999885559082,8.350000381469727,8.020000457763672,8.140000343322754,105800.0
2015-02-09 00:00:00,7.710000038146973,7.710000038146973,8.1899995803833,7.630000114440918,8.1899995803833,251900.0
2015-02-10 00:00:00,7.760000228881836,7.760000228881836,7.820000171661377,7.619999885559082,7.679999828338623,127300.0
2015-02-11 00:00:00,7.78000020980835,7.78000020980835,7.940000057220459,7.670000076293945,7.869999885559082,109400.0
2015-02-12 00:00:00,8.130000114440918,8.130000114440918,8.239999771118164,7.800000190734863,7.800000190734863,82800.0
2015-02-13 00:00:00,8.170000076293945,8.170000076293945,8.3100004196167,8.029999732971191,8.279999732971191,233000.0
2015-02-17 00:00:00,8.149999618530273,8.149999618530273,8.279999732971191,8.0600004196167,8.260000228881836,76500.0
2015-02-18 00:00:00,7.960000038146973,7.960000038146973,8.149999618530273,7.929999828338623,8.149999618530273,84200.0
2015-02-19 00:00:00,7.989999771118164,7.989999771118164,8.09000015258789,7.96999979019165,8.0,27700.0
2015-02-20 00:00:00,8.0,8.0,8.100000381469727,7.96999979019165,8.010000228881836,42400.0
2015-02-23 00:00:00,7.880000114440918,7.880000114440918,8.010000228881836,7.769999980926514,8.0,37200.0
2015-02-24 00:00:00,7.889999866485596,7.889999866485596,8.100000381469727,7.820000171661377,7.949999809265137,55100.0
2015-02-25 00:00:00,8.020000457763672,8.020000457763672,8.050000190734863,7.909999847412109,7.949999809265137,44500.0
2015-02-26 00:00:00,7.829999923706055,7.829999923706055,8.140000343322754,7.829999923706055,8.050000190734863,62800.0
2015-02-27 00:00:00,8.029999732971191,8.029999732971191,8.270000457763672,7.920000076293945,7.940000057220459,102500.0
2015-03-02 00:00:00,7.739999771118164,7.739999771118164,8.149999618530273,7.690000057220459,8.100000381469727,134800.0
2015-03-03 00:00:00,7.679999828338623,7.679999828338623,7.849999904632568,7.639999866485596,7.650000095367432,83400.0
2015-03-04 00:00:00,7.590000152587891,7.590000152587891,7.679999828338623,7.440000057220459,7.679999828338623,179700.0
2015-03-05 00:00:00,7.800000190734863,7.800000190734863,7.869999885559082,7.630000114440918,7.679999828338623,156200.0
2015-03-06 00:00:00,7.809999942779541,7.809999942779541,7.949999809265137,7.699999809265137,7.849999904632568,70700.0
2015-03-09 00:00:00,7.610000133514404,7.610000133514404,7.900000095367432,7.610000133514404,7.900000095367432,98600.0
2015-03-10 00:00:00,7.420000076293945,7.420000076293945,7.690000057220459,7.400000095367432,7.599999904632568,66400.0
2015-03-11 00:00:00,7.03000020980835,7.03000020980835,7.5,7.010000228881836,7.46999979019165,87900.0
2015-03-12 00:00:00,6.710000038146973,6.710000038146973,7.010000228881836,6.659999847412109,7.0,111600.0
2015-03-13 00:00:00,6.71999979019165,6.71999979019165,6.880000114440918,6.599999904632568,6.800000190734863,91800.0
2015-03-16 00:00:00,6.699999809265137,6.699999809265137,7.0,6.659999847412109,6.889999866485596,146200.0
2015-03-17 00:00:00,6.880000114440918,6.880000114440918,6.880000114440918,6.599999904632568,6.659999847412109,44200.0
2015-03-18 00:00:00,6.800000190734863,6.800000190734863,6.960000038146973,6.760000228881836,6.960000038146973,42400.0
2015-03-19 00:00:00,6.769999980926514,6.769999980926514,6.909999847412109,6.599999904632568,6.75,40900.0
2015-03-20 00:00:00,7.050000190734863,7.050000190734863,7.139999866485596,6.730000019073486,6.860000133514404,83000.0
2015-03-23 00:00:00,7.03000020980835,7.03000020980835,7.199999809265137,6.929999828338623,7.199999809265137,97000.0
2015-03-24 00:00:00,6.989999771118164,6.989999771118164,7.110000133514404,6.920000076293945,7.059999942779541,184900.0
2015-03-25 00:00:00,6.840000152587891,6.840000152587891,7.300000190734863,6.78000020980835,7.25,27800.0
2015-03-26 00:00:00,6.829999923706055,6.829999923706055,6.880000114440918,6.630000114440918,6.739999771118164,24300.0
2015-03-27 00:00:00,6.800000190734863,6.800000190734863,6.909999847412109,6.699999809265137,6.760000228881836,20800.0
2015-03-30 00:00:00,6.980000019073486,6.980000019073486,7.010000228881836,6.849999904632568,6.900000095367432,50500.0
2015-03-31 00:00:00,6.989999771118164,6.989999771118164,7.150000095367432,6.840000152587891,6.949999809265137,115800.0
2015-04-01 00:00:00,6.940000057220459,6.940000057220459,7.079999923706055,6.849999904632568,7.079999923706055,58900.0
2015-04-02 00:00:00,6.989999771118164,6.989999771118164,7.019999980926514,6.769999980926514,6.989999771118164,43100.0
2015-04-06 00:00:00,6.849999904632568,6.849999904632568,7.010000228881836,6.800000190734863,7.0,37900.0
2015-04-07 00:00:00,7.03000020980835,7.03000020980835,7.139999866485596,6.849999904632568,7.0,50300.0
2015-04-08 00:00:00,7.0,7.0,7.429999828338623,6.920000076293945,7.349999904632568,114800.0
2015-04-09 00:00:00,6.869999885559082,6.869999885559082,7.150000095367432,6.75,7.090000152587891,60700.0
2015-04-10 00:00:00,6.670000076293945,6.670000076293945,6.980000019073486,6.590000152587891,6.800000190734863,89400.0
2015-04-13 00:00:00,6.579999923706055,6.579999923706055,6.940000057220459,6.5,6.699999809265137,59600.0
2015-04-14 00:00:00,6.489999771118164,6.489999771118164,6.619999885559082,6.449999809265137,6.579999923706055,62300.0
2015-04-15 00:00:00,6.599999904632568,6.599999904632568,6.699999809265137,6.5,6.559999942779541,123800.0
2015-04-16 00:00:00,6.679999828338623,6.679999828338623,6.809999942779541,6.599999904632568,6.599999904632568,112700.0
2015-04-17 00:00:00,6.820000171661377,6.820000171661377,6.849999904632568,6.650000095367432,6.710000038146973,46200.0
2015-04-20 00:00:00,6.75,6.75,7.0,6.710000038146973,7.0,39700.0
2015-04-21 00:00:00,6.650000095367432,6.650000095367432,6.929999828338623,6.630000114440918,6.78000020980835,86000.0
2015-04-22 00:00:00,6.889999866485596,6.889999866485596,6.889999866485596,6.599999904632568,6.71999979019165,472300.0
2015-04-23 00:00:00,7.130000114440918,7.130000114440918,7.300000190734863,6.900000095367432,6.949999809265137,82300.0
2015-04-24 00:00:00,7.269999980926514,7.269999980926514,7.400000095367432,7.159999847412109,7.400000095367432,74500.0
2015-04-27 00:00:00,7.369999885559082,7.369999885559082,7.699999809265137,7.300000190734863,7.300000190734863,116800.0
2015-04-28 00:00:00,7.599999904632568,7.599999904632568,7.610000133514404,7.300000190734863,7.449999809265137,37900.0
2015-04-29 00:00:00,7.320000171661377,7.320000171661377,7.599999904632568,7.199999809265137,7.599999904632568,71500.0
2015-04-30 00:00:00,7.389999866485596,7.389999866485596,7.519999980926514,7.170000076293945,7.349999904632568,53200.0
2015-05-01 00:00:00,7.210000038146973,7.210000038146973,7.480000019073486,7.199999809265137,7.480000019073486,30200.0
2015-05-04 00:00:00,7.320000171661377,7.320000171661377,7.460000038146973,7.25,7.269999980926514,24000.0
2015-05-05 00:00:00,7.210000038146973,7.210000038146973,7.449999809265137,7.199999809265137,7.340000152587891,19000.0
2015-05-06 00:00:00,7.110000133514404,7.110000133514404,7.230000019073486,7.050000190734863,7.230000019073486,42200.0
2015-05-07 00:00:00,6.889999866485596,6.889999866485596,7.130000114440918,6.849999904632568,7.130000114440918,45700.0
2015-05-08 00:00:00,6.880000114440918,6.880000114440918,7.070000171661377,6.849999904632568,6.920000076293945,38900.0
2015-05-11 00:00:00,6.860000133514404,6.860000133514404,7.0,6.800000190734863,6.960000038146973,37900.0
2015-05-12 00:00:00,6.920000076293945,6.920000076293945,6.96999979019165,6.860000133514404,6.880000114440918,10100.0
2015-05-13 00:00:00,7.53000020980835,7.53000020980835,7.690000057220459,7.050000190734863,7.400000095367432,49900.0
2015-05-14 00:00:00,7.860000133514404,7.860000133514404,7.949999809265137,7.599999904632568,7.71999979019165,75800.0
2015-05-15 00:00:00,7.710000038146973,7.710000038146973,7.989999771118164,7.599999904632568,7.989999771118164,35800.0
2015-05-18 00:00:00,7.96999979019165,7.96999979019165,7.989999771118164,7.71999979019165,7.900000095367432,45200.0
2015-05-19 00:00:00,7.840000152587891,7.840000152587891,8.0,7.71999979019165,7.900000095367432,25700.0
2015-05-20 00:00:00,7.730000019073486,7.730000019073486,7.800000190734863,7.699999809265137,7.800000190734863,14300.0
2015-05-21 00:00:00,7.639999866485596,7.639999866485596,7.699999809265137,7.599999904632568,7.699999809265137,20500.0
2015-05-22 00:00:00,7.650000095367432,7.650000095367432,7.699999809265137,7.610000133514404,7.690000057220459,24300.0
2015-05-26 00:00:00,7.679999828338623,7.679999828338623,8.010000228881836,7.519999980926514,8.0,41700.0
2015-05-27 00:00:00,7.71999979019165,7.71999979019165,7.949999809265137,7.650000095367432,7.699999809265137,48700.0
2015-05-28 00:00:00,8.0,8.0,8.010000228881836,7.730000019073486,7.78000020980835,81200.0
2015-05-29 00:00:00,8.220000267028809,8.220000267028809,8.289999961853027,7.730000019073486,7.960000038146973,105600.0
2015-06-01 00:00:00,8.470000267028809,8.470000267028809,8.579999923706055,8.25,8.25,67100.0
2015-06-02 00:00:00,8.420000076293945,8.420000076293945,8.529999732971191,8.359999656677246,8.5,33900.0
2015-06-03 00:00:00,8.899999618530273,8.899999618530273,8.949999809265137,8.449999809265137,8.449999809265137,61800.0
2015-06-04 00:00:00,8.90999984741211,8.90999984741211,9.050000190734863,8.630000114440918,8.819999694824219,58800.0
2015-06-05 00:00:00,8.630000114440918,8.630000114440918,8.890000343322754,8.510000228881836,8.789999961853027,36700.0
2015-06-08 00:00:00,8.630000114440918,8.630000114440918,8.75,8.5600004196167,8.600000381469727,28000.0
2015-06-09 00:00:00,8.65999984741211,8.65999984741211,8.6899995803833,8.529999732971191,8.630000114440918,71600.0
2015-06-10 00:00:00,8.899999618530273,8.899999618530273,9.050000190734863,8.680000305175781,8.729999542236328,41500.0
2015-06-11 00:00:00,8.670000076293945,8.670000076293945,9.079999923706055,8.609999656677246,8.949999809265137,20800.0
2015-06-12 00:00:00,8.65999984741211,8.65999984741211,8.720000267028809,8.539999961853027,8.670000076293945,19400.0
2015-06-15 00:00:00,8.600000381469727,8.600000381469727,8.619999885559082,8.5,8.609999656677246,26700.0
2015-06-16 00:00:00,8.569999694824219,8.569999694824219,8.619999885559082,8.470000267028809,8.619999885559082,18500.0
2015-06-17 00:00:00,8.520000457763672,8.520000457763672,8.600000381469727,8.460000038146973,8.550000190734863,15700.0
2015-06-18 00:00:00,8.520000457763672,8.520000457763672,8.600000381469727,8.460000038146973,8.569999694824219,16800.0
2015-06-19 00:00:00,8.539999961853027,8.539999961853027,8.539999961853027,8.460000038146973,8.5,24600.0
2015-06-22 00:00:00,8.9399995803833,8.9399995803833,9.0,8.5,8.6899995803833,182500.0
2015-06-23 00:00:00,8.890000343322754,8.890000343322754,8.989999771118164,8.600000381469727,8.970000267028809,39900.0
2015-06-24 00:00:00,8.90999984741211,8.90999984741211,8.970000267028809,8.770000457763672,8.890000343322754,26800.0
2015-06-25 00:00:00,9.25,9.25,9.25,8.979999542236328,8.989999771118164,186300.0
2015-06-26 00:00:00,9.1899995803833,9.1899995803833,9.25,8.970000267028809,9.25,95700.0
2015-06-29 00:00:00,9.029999732971191,9.029999732971191,9.25,8.899999618530273,9.199999809265137,88800.0
2015-06-30 00:00:00,9.100000381469727,9.100000381469727,9.100000381469727,8.949999809265137,9.100000381469727,32500.0
2015-07-01 00:00:00,9.100000381469727,9.100000381469727,9.180000305175781,8.850000381469727,9.0,57000.0
2015-07-02 00:00:00,9.59000015258789,9.59000015258789,9.600000381469727,9.170000076293945,9.25,169900.0
2015-07-06 00:00:00,9.119999885559082,9.119999885559082,9.550000190734863,9.050000190734863,9.550000190734863,90100.0
2015-07-07 00:00:00,8.920000076293945,8.920000076293945,9.300000190734863,8.699999809265137,9.25,96400.0
2015-07-08 00:00:00,9.0600004196167,9.0600004196167,9.210000038146973,8.989999771118164,9.0,64500.0
2015-07-09 00:00:00,9.050000190734863,9.050000190734863,9.180000305175781,9.010000228881836,9.020000457763672,29500.0
2015-07-10 00:00:00,9.199999809265137,9.199999809265137,9.34000015258789,9.149999618530273,9.149999618530273,38500.0
2015-07-13 00:00:00,9.4399995803833,9.4399995803833,9.470000267028809,9.3100004196167,9.3100004196167,18500.0
2015-07-14 00:00:00,9.850000381469727,9.850000381469727,9.949999809265137,9.399999618530273,9.399999618530273,122700.0
2015-07-15 00:00:00,9.789999961853027,9.789999961853027,10.350000381469727,9.710000038146973,9.930000305175781,150200.0
2015-07-16 00:00:00,9.869999885559082,9.869999885559082,10.0,9.710000038146973,9.859999656677246,49200.0
2015-07-17 00:00:00,9.729999542236328,9.729999542236328,9.979999542236328,9.5600004196167,9.979999542236328,26900.0
2015-07-20 00:00:00,9.90999984741211,9.90999984741211,10.09000015258789,9.699999809265137,9.90999984741211,33600.0
2015-07-21 00:00:00,9.630000114440918,9.630000114440918,10.029999732971191,9.510000228881836,10.0,28100.0
2015-07-22 00:00:00,9.300000190734863,9.300000190734863,9.59000015258789,8.8100004196167,9.59000015258789,198100.0
2015-07-23 00:00:00,9.149999618530273,9.149999618530273,9.420000076293945,9.010000228881836,9.25,94000.0
2015-07-24 00:00:00,9.25,9.25,9.25,8.550000190734863,9.229999542236328,84500.0
2015-07-27 00:00:00,9.180000305175781,9.180000305175781,9.229999542236328,9.020000457763672,9.020000457763672,28200.0
2015-07-28 00:00:00,9.119999885559082,9.119999885559082,9.279999732971191,8.720000267028809,9.279999732971191,81900.0
2015-07-29 00:00:00,9.149999618530273,9.149999618530273,9.300000190734863,8.90999984741211,9.0,22300.0
2015-07-30 00:00:00,8.979999542236328,8.979999542236328,9.130000114440918,8.760000228881836,8.949999809265137,60200.0
2015-07-31 00:00:00,8.760000228881836,8.760000228881836,8.920000076293945,8.720000267028809,8.899999618530273,45000.0
2015-08-03 00:00:00,8.5,8.5,9.0,8.350000381469727,8.6899995803833,91300.0
2015-08-04 00:00:00,8.289999961853027,8.289999961853027,8.449999809265137,8.25,8.449999809265137,61600.0
2015-08-05 00:00:00,8.40999984741211,8.40999984741211,8.5,8.25,8.25,22900.0
2015-08-06 00:00:00,8.350000381469727,8.350000381469727,8.550000190734863,8.34000015258789,8.5,30900.0
2015-08-07 00:00:00,8.430000305175781,8.430000305175781,8.5,8.350000381469727,8.460000038146973,22200.0
2015-08-10 00:00:00,8.630000114440918,8.630000114440918,8.720000267028809,8.359999656677246,8.399999618530273,38400.0
2015-08-11 00:00:00,8.260000228881836,8.260000228881836,8.850000381469727,8.25,8.850000381469727,50900.0
2015-08-12 00:00:00,7.909999847412109,7.909999847412109,8.25,7.650000095367432,8.25,183900.0
2015-08-13 00:00:00,8.079999923706055,8.079999923706055,8.239999771118164,7.699999809265137,7.949999809265137,125200.0
2015-08-14 00:00:00,8.100000381469727,8.100000381469727,8.199999809265137,7.860000133514404,8.170000076293945,39900.0
2015-08-17 00:00:00,8.069999694824219,8.069999694824219,8.149999618530273,8.0,8.010000228881836,37300.0
2015-08-18 00:00:00,8.0600004196167,8.0600004196167,8.119999885559082,8.0,8.050000190734863,72100.0
2015-08-19 00:00:00,8.029999732971191,8.029999732971191,8.119999885559082,7.96999979019165,8.0600004196167,138400.0
2015-08-20 00:00:00,7.869999885559082,7.869999885559082,8.029999732971191,7.869999885559082,8.029999732971191,62600.0
2015-08-21 00:00:00,7.519999980926514,7.519999980926514,7.869999885559082,7.349999904632568,7.869999885559082,122300.0
2015-08-24 00:00:00,7.21999979019165,7.21999979019165,7.309999942779541,6.949999809265137,7.059999942779541,88800.0
2015-08-25 00:00:00,7.289999961853027,7.289999961853027,7.53000020980835,7.289999961853027,7.489999771118164,47500.0
2015-08-26 00:00:00,7.650000095367432,7.650000095367432,7.650000095367432,7.300000190734863,7.630000114440918,63100.0
2015-08-27 00:00:00,7.730000019073486,7.730000019073486,7.920000076293945,7.400000095367432,7.570000171661377,48900.0
2015-08-28 00:00:00,8.149999618530273,8.149999618530273,8.1899995803833,7.789999961853027,7.789999961853027,26600.0
2015-08-31 00:00:00,8.229999542236328,8.229999542236328,8.34000015258789,8.050000190734863,8.100000381469727,43300.0
2015-09-01 00:00:00,7.849999904632568,7.849999904632568,8.199999809265137,7.829999923706055,8.199999809265137,32200.0
2015-09-02 00:00:00,7.949999809265137,7.949999809265137,8.069999694824219,7.860000133514404,7.940000057220459,21500.0
2015-09-03 00:00:00,7.949999809265137,7.949999809265137,8.149999618530273,7.940000057220459,8.109999656677246,8200.0
2015-09-04 00:00:00,7.849999904632568,7.849999904632568,8.020000457763672,7.769999980926514,7.809999942779541,12700.0
2015-09-08 00:00:00,7.909999847412109,7.909999847412109,8.0,7.75,7.920000076293945,15200.0
2015-09-09 00:00:00,8.279999732971191,8.279999732971191,8.289999961853027,7.989999771118164,8.029999732971191,48800.0
2015-09-10 00:00:00,8.020000457763672,8.020000457763672,8.149999618530273,7.940000057220459,8.130000114440918,24400.0
2015-09-11 00:00:00,8.130000114440918,8.130000114440918,8.25,7.949999809265137,8.069999694824219,27800.0
2015-09-14 00:00:00,8.5,8.5,8.5,8.170000076293945,8.1899995803833,45200.0
2015-09-15 00:00:00,8.59000015258789,8.59000015258789,8.890000343322754,8.5,8.539999961853027,116200.0
2015-09-16 00:00:00,8.770000457763672,8.770000457763672,8.869999885559082,8.5600004196167,8.5600004196167,17400.0
2015-09-17 00:00:00,8.84000015258789,8.84000015258789,8.890000343322754,8.710000038146973,8.75,17200.0
2015-09-18 00:00:00,8.5600004196167,8.5600004196167,8.850000381469727,8.5,8.670000076293945,55600.0
2015-09-21 00:00:00,8.350000381469727,8.350000381469727,8.59000015258789,8.239999771118164,8.550000190734863,32200.0
2015-09-22 00:00:00,8.220000267028809,8.220000267028809,9.890000343322754,8.140000343322754,9.890000343322754,34200.0
2015-09-23 00:00:00,8.010000228881836,8.010000228881836,8.229999542236328,8.010000228881836,8.170000076293945,20600.0
2015-09-24 00:00:00,7.96999979019165,7.96999979019165,8.029999732971191,7.900000095367432,7.900000095367432,19900.0
2015-09-25 00:00:00,8.119999885559082,8.119999885559082,8.279999732971191,7.980000019073486,7.980000019073486,38100.0
2015-09-28 00:00:00,7.909999847412109,7.909999847412109,8.170000076293945,7.900000095367432,8.079999923706055,35800.0
2015-09-29 00:00:00,7.679999828338623,7.679999828338623,7.989999771118164,7.670000076293945,7.920000076293945,37400.0
2015-09-30 00:00:00,7.690000057220459,7.690000057220459,7.860000133514404,7.690000057220459,7.730000019073486,22600.0
2015-10-01 00:00:00,7.360000133514404,7.360000133514404,8.029999732971191,7.260000228881836,7.570000171661377,33200.0
2015-10-02 00:00:00,7.389999866485596,7.389999866485596,7.75,7.260000228881836,7.340000152587891,65000.0
2015-10-05 00:00:00,7.559999942779541,7.559999942779541,7.599999904632568,7.389999866485596,7.409999847412109,31500.0
2015-10-06 00:00:00,7.75,7.75,7.820000171661377,7.570000171661377,7.599999904632568,17700.0
2015-10-07 00:00:00,7.960000038146973,7.960000038146973,8.140000343322754,7.760000228881836,7.829999923706055,32500.0
2015-10-08 00:00:00,8.239999771118164,8.239999771118164,8.25,7.860000133514404,8.0,58800.0
2015-10-09 00:00:00,8.229999542236328,8.229999542236328,8.25,8.100000381469727,8.25,32600.0
2015-10-12 00:00:00,8.170000076293945,8.170000076293945,8.449999809265137,8.15999984741211,8.399999618530273,31200.0
2015-10-13 00:00:00,7.980000019073486,7.980000019073486,8.289999961853027,7.840000152587891,8.119999885559082,49000.0
2015-10-14 00:00:00,8.229999542236328,8.229999542236328,8.279999732971191,7.980000019073486,7.980000019073486,22600.0
2015-10-15 00:00:00,8.270000457763672,8.270000457763672,8.270000457763672,8.149999618530273,8.25,10600.0
2015-10-16 00:00:00,8.239999771118164,8.239999771118164,8.25,8.210000038146973,8.229999542236328,8400.0
2015-10-19 00:00:00,8.25,8.25,8.25,8.119999885559082,8.119999885559082,9000.0
2015-10-20 00:00:00,8.5,8.5,8.5,8.15999984741211,8.239999771118164,48200.0
2015-10-21 00:00:00,8.5600004196167,8.5600004196167,8.609999656677246,8.350000381469727,8.5,44800.0
2015-10-22 00:00:00,8.460000038146973,8.460000038146973,8.609999656677246,8.380000114440918,8.489999771118164,15300.0
2015-10-23 00:00:00,8.800000190734863,8.800000190734863,8.800000190734863,8.3100004196167,8.5,28900.0
2015-10-26 00:00:00,8.869999885559082,8.869999885559082,8.890000343322754,8.65999984741211,8.680000305175781,30500.0
2015-10-27 00:00:00,8.649999618530273,8.649999618530273,8.859999656677246,8.470000267028809,8.779999732971191,15900.0
2015-10-28 00:00:00,8.550000190734863,8.550000190734863,8.800000190734863,8.550000190734863,8.550000190734863,21900.0
2015-10-29 00:00:00,8.4399995803833,8.4399995803833,8.649999618530273,8.40999984741211,8.550000190734863,34000.0
2015-10-30 00:00:00,8.4399995803833,8.4399995803833,8.539999961853027,8.300000190734863,8.420000076293945,21800.0
2015-11-02 00:00:00,8.739999771118164,8.739999771118164,8.760000228881836,8.40999984741211,8.5,65200.0
2015-11-03 00:00:00,8.550000190734863,8.550000190734863,8.739999771118164,8.40999984741211,8.40999984741211,20000.0
2015-11-04 00:00:00,8.569999694824219,8.569999694824219,8.65999984741211,8.260000228881836,8.5,65000.0
2015-11-05 00:00:00,8.600000381469727,8.600000381469727,8.710000038146973,8.5,8.600000381469727,23700.0
2015-11-06 00:00:00,8.680000305175781,8.680000305175781,8.729999542236328,8.449999809265137,8.520000457763672,20900.0
2015-11-09 00:00:00,8.550000190734863,8.550000190734863,8.6899995803833,8.279999732971191,8.649999618530273,37600.0
2015-11-10 00:00:00,7.800000190734863,7.800000190734863,8.430000305175781,7.71999979019165,8.430000305175781,86100.0
2015-11-11 00:00:00,7.840000152587891,7.840000152587891,7.929999828338623,7.71999979019165,7.889999866485596,13100.0
2015-11-12 00:00:00,7.789999961853027,7.789999961853027,8.020000457763672,7.699999809265137,7.849999904632568,55700.0
2015-11-13 00:00:00,7.329999923706055,7.329999923706055,7.769999980926514,7.28000020980835,7.699999809265137,44600.0
2015-11-16 00:00:00,7.349999904632568,7.349999904632568,7.559999942779541,7.329999923706055,7.480000019073486,34700.0
2015-11-17 00:00:00,8.0,8.0,8.079999923706055,7.449999809265137,7.550000190734863,43300.0
2015-11-18 00:00:00,8.050000190734863,8.050000190734863,8.09000015258789,7.929999828338623,8.09000015258789,10900.0
2015-11-19 00:00:00,7.789999961853027,7.789999961853027,8.050000190734863,7.699999809265137,7.960000038146973,12700.0
2015-11-20 00:00:00,7.909999847412109,7.909999847412109,7.929999828338623,7.639999866485596,7.900000095367432,12700.0
2015-11-23 00:00:00,7.730000019073486,7.730000019073486,7.940000057220459,7.539999961853027,7.860000133514404,19300.0
2015-11-24 00:00:00,7.769999980926514,7.769999980926514,7.800000190734863,7.599999904632568,7.730000019073486,21400.0
2015-11-25 00:00:00,7.820000171661377,7.820000171661377,7.880000114440918,7.699999809265137,7.800000190734863,28400.0
2015-11-27 00:00:00,7.860000133514404,7.860000133514404,7.909999847412109,7.699999809265137,7.820000171661377,10100.0
2015-11-30 00:00:00,7.96999979019165,7.96999979019165,7.96999979019165,7.739999771118164,7.940000057220459,23300.0
2015-12-01 00:00:00,7.900000095367432,7.900000095367432,7.989999771118164,7.679999828338623,7.829999923706055,21300.0
2015-12-02 00:00:00,7.739999771118164,7.739999771118164,7.920000076293945,7.619999885559082,7.869999885559082,15000.0
2015-12-03 00:00:00,7.699999809265137,7.699999809265137,7.809999942779541,7.570000171661377,7.690000057220459,9300.0
2015-12-04 00:00:00,7.619999885559082,7.619999885559082,7.710000038146973,7.53000020980835,7.650000095367432,12200.0
2015-12-07 00:00:00,7.789999961853027,7.789999961853027,7.789999961853027,7.650000095367432,7.650000095367432,13000.0
2015-12-08 00:00:00,7.869999885559082,7.869999885559082,7.920000076293945,7.730000019073486,7.75,17100.0
2015-12-09 00:00:00,7.809999942779541,7.809999942779541,7.960000038146973,7.739999771118164,7.869999885559082,20700.0
2015-12-10 00:00:00,7.769999980926514,7.769999980926514,7.849999904632568,7.5,7.829999923706055,8500.0
2015-12-11 00:00:00,7.75,7.75,7.880000114440918,7.639999866485596,7.639999866485596,10100.0
2015-12-14 00:00:00,7.579999923706055,7.579999923706055,7.75,7.519999980926514,7.75,10100.0
2015-12-15 00:00:00,7.75,7.75,7.800000190734863,7.519999980926514,7.590000152587891,9400.0
2015-12-16 00:00:00,7.929999828338623,7.929999828338623,8.0,7.71999979019165,7.829999923706055,15300.0
2015-12-17 00:00:00,7.929999828338623,7.929999828338623,7.949999809265137,7.820000171661377,7.949999809265137,8000.0
2015-12-18 00:00:00,7.920000076293945,7.920000076293945,7.989999771118164,7.869999885559082,7.929999828338623,9500.0
2015-12-21 00:00:00,7.449999809265137,7.449999809265137,7.900000095367432,7.420000076293945,7.900000095367432,33800.0
2015-12-22 00:00:00,7.309999942779541,7.309999942779541,7.559999942779541,7.269999980926514,7.420000076293945,21400.0
2015-12-23 00:00:00,7.179999828338623,7.179999828338623,7.440000057220459,7.150000095367432,7.440000057220459,30300.0
2015-12-24 00:00:00,7.340000152587891,7.340000152587891,7.340000152587891,7.0,7.199999809265137,44200.0
2015-12-28 00:00:00,7.349999904632568,7.349999904632568,7.46999979019165,7.300000190734863,7.349999904632568,17700.0
2015-12-29 00:00:00,7.28000020980835,7.28000020980835,7.389999866485596,7.230000019073486,7.380000114440918,23300.0
2015-12-30 00:00:00,7.239999771118164,7.239999771118164,7.349999904632568,7.119999885559082,7.320000171661377,17400.0
2015-12-31 00:00:00,7.059999942779541,7.059999942779541,7.190000057220459,7.050000190734863,7.150000095367432,13900.0
2016-01-04 00:00:00,7.039999961853027,7.039999961853027,7.070000171661377,7.0,7.0,20200.0
2016-01-05 00:00:00,7.059999942779541,7.059999942779541,7.090000152587891,7.0,7.090000152587891,20800.0
2016-01-06 00:00:00,7.010000228881836,7.010000228881836,7.059999942779541,6.760000228881836,6.940000057220459,16400.0
2016-01-07 00:00:00,7.010000228881836,7.010000228881836,7.090000152587891,7.0,7.0,36900.0
2016-01-08 00:00:00,7.019999980926514,7.019999980926514,7.159999847412109,7.0,7.019999980926514,20800.0
2016-01-11 00:00:00,6.679999828338623,6.679999828338623,7.079999923706055,6.630000114440918,7.0,45000.0
2016-01-12 00:00:00,6.690000057220459,6.690000057220459,6.880000114440918,6.659999847412109,6.820000171661377,8500.0
2016-01-13 00:00:00,6.300000190734863,6.300000190734863,6.96999979019165,6.260000228881836,6.75,32200.0
2016-01-14 00:00:00,6.28000020980835,6.28000020980835,6.639999866485596,6.110000133514404,6.300000190734863,14600.0
2016-01-15 00:00:00,6.03000020980835,6.03000020980835,6.5,5.889999866485596,6.5,32200.0
2016-01-19 00:00:00,5.980000019073486,5.980000019073486,6.449999809265137,5.980000019073486,6.110000133514404,27200.0
2016-01-20 00:00:00,5.949999809265137,5.949999809265137,6.159999847412109,5.849999904632568,6.059999942779541,37800.0
2016-01-21 00:00:00,5.980000019073486,5.980000019073486,6.130000114440918,5.75,5.889999866485596,21700.0
2016-01-22 00:00:00,5.980000019073486,5.980000019073486,6.099999904632568,5.929999828338623,6.059999942779541,37800.0
2016-01-25 00:00:00,5.960000038146973,5.960000038146973,6.050000190734863,5.900000095367432,6.039999961853027,26800.0
2016-01-26 00:00:00,5.980000019073486,5.980000019073486,6.019999980926514,5.920000076293945,6.0,18400.0
2016-01-27 00:00:00,6.03000020980835,6.03000020980835,6.099999904632568,5.960000038146973,6.010000228881836,6200.0
2016-01-28 00:00:00,6.039999961853027,6.039999961853027,6.050000190734863,5.920000076293945,6.03000020980835,12800.0
2016-01-29 00:00:00,6.139999866485596,6.139999866485596,6.46999979019165,6.019999980926514,6.050000190734863,16700.0
2016-02-01 00:00:00,6.150000095367432,6.150000095367432,6.389999866485596,6.059999942779541,6.079999923706055,22600.0
2016-02-02 00:00:00,5.980000019073486,5.980000019073486,6.070000171661377,5.840000152587891,6.059999942779541,19400.0
2016-02-03 00:00:00,6.0,6.0,6.099999904632568,5.809999942779541,6.0,9100.0
2016-02-04 00:00:00,6.199999809265137,6.199999809265137,6.199999809265137,5.96999979019165,6.0,10400.0
2016-02-05 00:00:00,5.989999771118164,5.989999771118164,6.190000057220459,5.809999942779541,6.190000057220459,18800.0
2016-02-08 00:00:00,5.460000038146973,5.460000038146973,5.820000171661377,5.360000133514404,5.820000171661377,40400.0
2016-02-09 00:00:00,5.53000020980835,5.53000020980835,5.800000190734863,5.369999885559082,5.440000057220459,11500.0
2016-02-10 00:00:00,5.800000190734863,5.800000190734863,5.860000133514404,5.539999961853027,5.570000171661377,10400.0
2016-02-11 00:00:00,6.099999904632568,6.099999904632568,6.170000076293945,5.75,5.800000190734863,33600.0
2016-02-12 00:00:00,6.070000171661377,6.070000171661377,6.239999771118164,6.010000228881836,6.170000076293945,13800.0
2016-02-16 00:00:00,6.0,6.0,6.099999904632568,5.96999979019165,6.090000152587891,25100.0
2016-02-17 00:00:00,5.980000019073486,5.980000019073486,6.070000171661377,5.800000190734863,6.070000171661377,24600.0
2016-02-18 00:00:00,5.579999923706055,5.579999923706055,5.949999809265137,5.510000228881836,5.949999809265137,43100.0
2016-02-19 00:00:00,5.800000190734863,5.800000190734863,5.949999809265137,5.400000095367432,5.630000114440918,28200.0
2016-02-22 00:00:00,5.579999923706055,5.579999923706055,5.909999847412109,5.570000171661377,5.849999904632568,17500.0
2016-02-23 00:00:00,5.380000114440918,5.380000114440918,5.739999771118164,5.340000152587891,5.510000228881836,64900.0
2016-02-24 00:00:00,5.670000076293945,5.670000076293945,5.670000076293945,5.260000228881836,5.400000095367432,79400.0
2016-02-25 00:00:00,5.550000190734863,5.550000190734863,5.639999866485596,5.21999979019165,5.559999942779541,83400.0
2016-02-26 00:00:00,6.050000190734863,6.050000190734863,6.059999942779541,5.519999980926514,5.519999980926514,15800.0
2016-02-29 00:00:00,6.179999828338623,6.179999828338623,6.179999828338623,5.909999847412109,6.099999904632568,18100.0
2016-03-01 00:00:00,7.46999979019165,7.46999979019165,7.46999979019165,6.150000095367432,6.199999809265137,51100.0
2016-03-02 00:00:00,7.789999961853027,7.789999961853027,7.869999885559082,7.210000038146973,7.489999771118164,63200.0
2016-03-03 00:00:00,8.039999961853027,8.039999961853027,8.199999809265137,7.849999904632568,7.949999809265137,67000.0
2016-03-04 00:00:00,8.380000114440918,8.380000114440918,8.59000015258789,8.130000114440918,8.199999809265137,130600.0
2016-03-07 00:00:00,7.980000019073486,7.980000019073486,8.460000038146973,7.860000133514404,8.399999618530273,116400.0
2016-03-08 00:00:00,7.639999866485596,7.639999866485596,7.860000133514404,7.599999904632568,7.78000020980835,34400.0
2016-03-09 00:00:00,7.650000095367432,7.650000095367432,7.769999980926514,7.510000228881836,7.730000019073486,18100.0
2016-03-10 00:00:00,7.389999866485596,7.389999866485596,7.940000057220459,7.360000133514404,7.769999980926514,31700.0
2016-03-11 00:00:00,7.46999979019165,7.46999979019165,7.699999809265137,7.460000038146973,7.5,28200.0
2016-03-14 00:00:00,7.800000190734863,7.800000190734863,7.880000114440918,7.389999866485596,7.510000228881836,61000.0
2016-03-15 00:00:00,7.579999923706055,7.579999923706055,7.949999809265137,7.519999980926514,7.880000114440918,16800.0
2016-03-16 00:00:00,7.610000133514404,7.610000133514404,7.710000038146973,7.539999961853027,7.539999961853027,4400.0
2016-03-17 00:00:00,7.940000057220459,7.940000057220459,7.940000057220459,7.400000095367432,7.610000133514404,38000.0
2016-03-18 00:00:00,7.78000020980835,7.78000020980835,8.140000343322754,7.710000038146973,7.940000057220459,23700.0
2016-03-21 00:00:00,7.889999866485596,7.889999866485596,8.15999984741211,7.699999809265137,7.789999961853027,16200.0
2016-03-22 00:00:00,7.909999847412109,7.909999847412109,7.989999771118164,7.579999923706055,7.889999866485596,15000.0
2016-03-23 00:00:00,7.329999923706055,7.329999923706055,7.800000190734863,7.300000190734863,7.699999809265137,34900.0
2016-03-24 00:00:00,7.230000019073486,7.230000019073486,7.539999961853027,7.099999904632568,7.300000190734863,44800.0
2016-03-28 00:00:00,7.659999847412109,7.659999847412109,7.670000076293945,7.139999866485596,7.210000038146973,21400.0
2016-03-29 00:00:00,7.570000171661377,7.570000171661377,7.699999809265137,7.110000133514404,7.599999904632568,11500.0
2016-03-30 00:00:00,7.570000171661377,7.570000171661377,7.690000057220459,7.300000190734863,7.389999866485596,29300.0
2016-03-31 00:00:00,7.599999904632568,7.599999904632568,7.75,7.300000190734863,7.369999885559082,37300.0
2016-04-01 00:00:00,7.539999961853027,7.539999961853027,7.730000019073486,7.300000190734863,7.599999904632568,14200.0
2016-04-04 00:00:00,7.210000038146973,7.210000038146973,7.5,7.139999866485596,7.5,48100.0
2016-04-05 00:00:00,7.059999942779541,7.059999942779541,7.349999904632568,7.0,7.150000095367432,26200.0
2016-04-06 00:00:00,7.179999828338623,7.179999828338623,7.25,7.0,7.050000190734863,16600.0
2016-04-07 00:00:00,7.119999885559082,7.119999885559082,7.239999771118164,7.099999904632568,7.099999904632568,7400.0
2016-04-08 00:00:00,7.369999885559082,7.369999885559082,7.480000019073486,7.159999847412109,7.329999923706055,47200.0
2016-04-11 00:00:00,7.239999771118164,7.239999771118164,7.519999980926514,7.199999809265137,7.309999942779541,27700.0
2016-04-12 00:00:00,7.150000095367432,7.150000095367432,7.46999979019165,7.099999904632568,7.179999828338623,30700.0
2016-04-13 00:00:00,7.230000019073486,7.230000019073486,7.489999771118164,7.150000095367432,7.25,39400.0
2016-04-14 00:00:00,7.489999771118164,7.489999771118164,7.539999961853027,7.119999885559082,7.210000038146973,49800.0
2016-04-15 00:00:00,7.5,7.5,7.590000152587891,7.320000171661377,7.449999809265137,17400.0
2016-04-18 00:00:00,7.449999809265137,7.449999809265137,7.5,7.309999942779541,7.5,14900.0
2016-04-19 00:00:00,7.460000038146973,7.460000038146973,7.559999942779541,7.329999923706055,7.420000076293945,19000.0
2016-04-20 00:00:00,7.429999828338623,7.429999828338623,7.5,7.320000171661377,7.400000095367432,13600.0
2016-04-21 00:00:00,7.420000076293945,7.420000076293945,7.5,7.389999866485596,7.5,18100.0
2016-04-22 00:00:00,7.5,7.5,7.5,7.340000152587891,7.389999866485596,14700.0
2016-04-25 00:00:00,7.320000171661377,7.320000171661377,7.489999771118164,7.300000190734863,7.409999847412109,11600.0
2016-04-26 00:00:00,7.400000095367432,7.400000095367432,7.400000095367432,7.25,7.320000171661377,11000.0
2016-04-27 00:00:00,7.25,7.25,7.409999847412109,7.25,7.300000190734863,44800.0
2016-04-28 00:00:00,7.260000228881836,7.260000228881836,7.460000038146973,7.25,7.25,12600.0
2016-04-29 00:00:00,7.369999885559082,7.369999885559082,7.400000095367432,7.25,7.25,11100.0
2016-05-02 00:00:00,7.340000152587891,7.340000152587891,7.420000076293945,7.25,7.420000076293945,10000.0
2016-05-03 00:00:00,7.0,7.0,7.340000152587891,7.0,7.340000152587891,51100.0
2016-05-04 00:00:00,6.809999942779541,6.809999942779541,7.130000114440918,6.75,7.019999980926514,29000.0
2016-05-05 00:00:00,6.53000020980835,6.53000020980835,7.019999980926514,6.510000228881836,6.800000190734863,33100.0
2016-05-06 00:00:00,6.75,6.75,6.840000152587891,6.360000133514404,6.5,21100.0
2016-05-09 00:00:00,6.75,6.75,6.75,6.349999904632568,6.670000076293945,32300.0
2016-05-10 00:00:00,6.869999885559082,6.869999885559082,6.989999771118164,6.5,6.71999979019165,20400.0
2016-05-11 00:00:00,6.670000076293945,6.670000076293945,6.929999828338623,6.46999979019165,6.929999828338623,68500.0
2016-05-12 00:00:00,6.679999828338623,6.679999828338623,6.840000152587891,6.53000020980835,6.53000020980835,39600.0
2016-05-13 00:00:00,6.619999885559082,6.619999885559082,6.670000076293945,6.5,6.599999904632568,24400.0
2016-05-16 00:00:00,6.630000114440918,6.630000114440918,6.659999847412109,6.480000019073486,6.559999942779541,28100.0
2016-05-17 00:00:00,6.739999771118164,6.739999771118164,6.800000190734863,6.519999980926514,6.610000133514404,39500.0
2016-05-18 00:00:00,6.789999961853027,6.789999961853027,6.949999809265137,6.619999885559082,6.679999828338623,25500.0
2016-05-19 00:00:00,6.730000019073486,6.730000019073486,7.039999961853027,6.630000114440918,6.679999828338623,22300.0
2016-05-20 00:00:00,6.630000114440918,6.630000114440918,6.889999866485596,6.590000152587891,6.590000152587891,16900.0
2016-05-23 00:00:00,6.75,6.75,6.840000152587891,6.630000114440918,6.650000095367432,12500.0
2016-05-24 00:00:00,6.96999979019165,6.96999979019165,6.96999979019165,6.71999979019165,6.71999979019165,23200.0
2016-05-25 00:00:00,7.119999885559082,7.119999885559082,7.199999809265137,6.949999809265137,6.949999809265137,19900.0
2016-05-26 00:00:00,7.25,7.25,7.360000133514404,7.050000190734863,7.079999923706055,24300.0
2016-05-27 00:00:00,7.289999961853027,7.289999961853027,7.489999771118164,7.239999771118164,7.239999771118164,6200.0
2016-05-31 00:00:00,7.110000133514404,7.110000133514404,7.25,7.110000133514404,7.25,15600.0
2016-06-01 00:00:00,7.230000019073486,7.230000019073486,7.25,7.050000190734863,7.090000152587891,16800.0
2016-06-02 00:00:00,7.25,7.25,7.400000095367432,7.199999809265137,7.25,34200.0
2016-06-03 00:00:00,7.349999904632568,7.349999904632568,7.380000114440918,7.179999828338623,7.300000190734863,14000.0
2016-06-06 00:00:00,7.210000038146973,7.210000038146973,7.5,7.199999809265137,7.340000152587891,23400.0
2016-06-07 00:00:00,7.260000228881836,7.260000228881836,7.449999809265137,7.21999979019165,7.21999979019165,6400.0
2016-06-08 00:00:00,7.269999980926514,7.269999980926514,7.489999771118164,7.260000228881836,7.309999942779541,23300.0
2016-06-09 00:00:00,7.03000020980835,7.03000020980835,7.300000190734863,7.03000020980835,7.25,28400.0
2016-06-10 00:00:00,6.849999904632568,6.849999904632568,7.130000114440918,6.800000190734863,7.0,34000.0
2016-06-13 00:00:00,6.909999847412109,6.909999847412109,7.179999828338623,6.900000095367432,6.900000095367432,14500.0
2016-06-14 00:00:00,7.190000057220459,7.190000057220459,7.300000190734863,6.940000057220459,6.940000057220459,18400.0
2016-06-15 00:00:00,7.190000057220459,7.190000057220459,7.460000038146973,7.190000057220459,7.210000038146973,11700.0
2016-06-16 00:00:00,7.130000114440918,7.130000114440918,7.150000095367432,7.010000228881836,7.150000095367432,6800.0
2016-06-17 00:00:00,7.150000095367432,7.150000095367432,7.369999885559082,7.110000133514404,7.179999828338623,14600.0
2016-06-20 00:00:00,7.199999809265137,7.199999809265137,7.349999904632568,7.190000057220459,7.269999980926514,17900.0
2016-06-21 00:00:00,7.53000020980835,7.53000020980835,7.739999771118164,7.25,7.25,33100.0
2016-06-22 00:00:00,7.239999771118164,7.239999771118164,7.579999923706055,7.21999979019165,7.489999771118164,38500.0
2016-06-23 00:00:00,7.369999885559082,7.369999885559082,7.400000095367432,7.260000228881836,7.309999942779541,19100.0
2016-06-24 00:00:00,7.070000171661377,7.070000171661377,7.199999809265137,6.75,7.0,22500.0
2016-06-27 00:00:00,6.909999847412109,6.909999847412109,7.099999904632568,6.800000190734863,7.099999904632568,11800.0
2016-06-28 00:00:00,7.150000095367432,7.150000095367432,7.150000095367432,6.920000076293945,7.099999904632568,7700.0
2016-06-29 00:00:00,6.949999809265137,6.949999809265137,7.230000019073486,6.909999847412109,7.159999847412109,15600.0
2016-06-30 00:00:00,7.150000095367432,7.150000095367432,7.190000057220459,6.949999809265137,6.949999809265137,9300.0
2016-07-01 00:00:00,7.079999923706055,7.079999923706055,7.110000133514404,7.010000228881836,7.110000133514404,15500.0
2016-07-05 00:00:00,7.070000171661377,7.070000171661377,7.179999828338623,7.070000171661377,7.139999866485596,5600.0
2016-07-06 00:00:00,7.090000152587891,7.090000152587891,7.210000038146973,6.989999771118164,7.019999980926514,10700.0
2016-07-07 00:00:00,7.090000152587891,7.090000152587891,7.179999828338623,7.0,7.119999885559082,3200.0
2016-07-08 00:00:00,7.139999866485596,7.139999866485596,7.239999771118164,7.079999923706055,7.090000152587891,12600.0
2016-07-11 00:00:00,7.25,7.25,7.25,7.090000152587891,7.150000095367432,12500.0
2016-07-12 00:00:00,7.21999979019165,7.21999979019165,7.349999904632568,7.139999866485596,7.139999866485596,17900.0
2016-07-13 00:00:00,6.800000190734863,6.800000190734863,7.25,6.800000190734863,7.25,24800.0
2016-07-14 00:00:00,6.909999847412109,6.909999847412109,7.170000076293945,6.820000171661377,7.0,12100.0
2016-07-15 00:00:00,6.860000133514404,6.860000133514404,7.03000020980835,6.840000152587891,6.940000057220459,30700.0
2016-07-18 00:00:00,6.909999847412109,6.909999847412109,6.940000057220459,6.860000133514404,6.860000133514404,6100.0
2016-07-19 00:00:00,6.920000076293945,6.920000076293945,6.949999809265137,6.880000114440918,6.949999809265137,4500.0
2016-07-20 00:00:00,7.019999980926514,7.019999980926514,7.070000171661377,6.889999866485596,6.949999809265137,5900.0
2016-07-21 00:00:00,6.960000038146973,6.960000038146973,7.079999923706055,6.929999828338623,7.050000190734863,6300.0
2016-07-22 00:00:00,6.920000076293945,6.920000076293945,6.960000038146973,6.860000133514404,6.960000038146973,17000.0
2016-07-25 00:00:00,6.860000133514404,6.860000133514404,6.989999771118164,6.860000133514404,6.860000133514404,17000.0
2016-07-26 00:00:00,6.929999828338623,6.929999828338623,7.010000228881836,6.860000133514404,6.869999885559082,23300.0
2016-07-27 00:00:00,6.909999847412109,6.909999847412109,6.940000057220459,6.909999847412109,6.920000076293945,2400.0
2016-07-28 00:00:00,6.929999828338623,6.929999828338623,7.010000228881836,6.880000114440918,6.880000114440918,3800.0
2016-07-29 00:00:00,6.929999828338623,6.929999828338623,6.96999979019165,6.880000114440918,6.929999828338623,2800.0
2016-08-01 00:00:00,6.949999809265137,6.949999809265137,6.980000019073486,6.900000095367432,6.980000019073486,4900.0
2016-08-02 00:00:00,6.789999961853027,6.789999961853027,6.929999828338623,6.789999961853027,6.900000095367432,10700.0
2016-08-03 00:00:00,6.940000057220459,6.940000057220459,6.949999809265137,6.840000152587891,6.849999904632568,8400.0
2016-08-04 00:00:00,6.889999866485596,6.889999866485596,6.980000019073486,6.849999904632568,6.900000095367432,24700.0
2016-08-05 00:00:00,6.900000095367432,6.900000095367432,6.900000095367432,6.889999866485596,6.900000095367432,19300.0
2016-08-08 00:00:00,6.869999885559082,6.869999885559082,6.900000095367432,6.869999885559082,6.900000095367432,20100.0
2016-08-09 00:00:00,6.889999866485596,6.889999866485596,6.889999866485596,6.849999904632568,6.869999885559082,14000.0
2016-08-10 00:00:00,6.840000152587891,6.840000152587891,6.880000114440918,6.809999942779541,6.849999904632568,14200.0
2016-08-11 00:00:00,6.849999904632568,6.849999904632568,7.0,6.800000190734863,6.980000019073486,51600.0
2016-08-12 00:00:00,6.909999847412109,6.909999847412109,6.940000057220459,6.75,6.849999904632568,37500.0
2016-08-15 00:00:00,6.769999980926514,6.769999980926514,6.940000057220459,6.420000076293945,6.900000095367432,48200.0
2016-08-16 00:00:00,6.670000076293945,6.670000076293945,6.880000114440918,6.570000171661377,6.769999980926514,8900.0
2016-08-17 00:00:00,6.559999942779541,6.559999942779541,6.650000095367432,6.5,6.630000114440918,14700.0
2016-08-18 00:00:00,6.429999828338623,6.429999828338623,6.590000152587891,6.400000095367432,6.510000228881836,16500.0
2016-08-19 00:00:00,6.429999828338623,6.429999828338623,6.489999771118164,6.389999866485596,6.449999809265137,16800.0
2016-08-22 00:00:00,6.269999980926514,6.269999980926514,6.420000076293945,6.239999771118164,6.400000095367432,16400.0
2016-08-23 00:00:00,6.28000020980835,6.28000020980835,6.5,6.230000019073486,6.230000019073486,37700.0
2016-08-24 00:00:00,6.260000228881836,6.260000228881836,6.489999771118164,6.21999979019165,6.489999771118164,17000.0
2016-08-25 00:00:00,6.360000133514404,6.360000133514404,6.429999828338623,6.300000190734863,6.300000190734863,10700.0
2016-08-26 00:00:00,6.420000076293945,6.420000076293945,6.519999980926514,6.349999904632568,6.349999904632568,23600.0
2016-08-29 00:00:00,6.329999923706055,6.329999923706055,6.5,6.309999942779541,6.449999809265137,15100.0
2016-08-30 00:00:00,6.340000152587891,6.340000152587891,6.440000057220459,6.210000038146973,6.389999866485596,32800.0
2016-08-31 00:00:00,6.179999828338623,6.179999828338623,6.289999961853027,6.150000095367432,6.289999961853027,16100.0
2016-09-01 00:00:00,6.110000133514404,6.110000133514404,6.21999979019165,6.070000171661377,6.21999979019165,12100.0
2016-09-02 00:00:00,6.579999923706055,6.579999923706055,6.639999866485596,6.150000095367432,6.150000095367432,44200.0
2016-09-06 00:00:00,7.099999904632568,7.099999904632568,7.119999885559082,6.75,6.75,183200.0
2016-09-07 00:00:00,7.110000133514404,7.110000133514404,7.269999980926514,7.059999942779541,7.099999904632568,44900.0
2016-09-08 00:00:00,7.53000020980835,7.53000020980835,7.559999942779541,7.110000133514404,7.110000133514404,104500.0
2016-09-09 00:00:00,7.230000019073486,7.230000019073486,7.75,7.150000095367432,7.53000020980835,72400.0
2016-09-12 00:00:00,7.400000095367432,7.400000095367432,7.480000019073486,7.150000095367432,7.170000076293945,34900.0
2016-09-13 00:00:00,7.289999961853027,7.289999961853027,7.400000095367432,7.139999866485596,7.400000095367432,24100.0
2016-09-14 00:00:00,7.159999847412109,7.159999847412109,7.369999885559082,7.159999847412109,7.369999885559082,14100.0
2016-09-15 00:00:00,7.579999923706055,7.579999923706055,7.610000133514404,7.260000228881836,7.260000228881836,22000.0
2016-09-16 00:00:00,7.199999809265137,7.199999809265137,7.53000020980835,7.139999866485596,7.5,30000.0
2016-09-19 00:00:00,7.139999866485596,7.139999866485596,7.329999923706055,7.059999942779541,7.329999923706055,26100.0
2016-09-20 00:00:00,7.159999847412109,7.159999847412109,7.300000190734863,7.159999847412109,7.199999809265137,14100.0
2016-09-21 00:00:00,7.170000076293945,7.170000076293945,7.230000019073486,7.059999942779541,7.099999904632568,15700.0
2016-09-22 00:00:00,7.210000038146973,7.210000038146973,7.440000057220459,7.170000076293945,7.25,17500.0
2016-09-23 00:00:00,7.28000020980835,7.28000020980835,7.460000038146973,7.190000057220459,7.190000057220459,34500.0
2016-09-26 00:00:00,7.860000133514404,7.860000133514404,7.929999828338623,7.380000114440918,7.380000114440918,52700.0
2016-09-27 00:00:00,7.920000076293945,7.920000076293945,8.050000190734863,7.71999979019165,7.900000095367432,48400.0
2016-09-28 00:00:00,7.53000020980835,7.53000020980835,8.0,7.53000020980835,8.0,26200.0
2016-09-29 00:00:00,7.659999847412109,7.659999847412109,7.800000190734863,7.559999942779541,7.690000057220459,35600.0
2016-09-30 00:00:00,7.699999809265137,7.699999809265137,7.769999980926514,7.610000133514404,7.679999828338623,18000.0
2016-10-03 00:00:00,7.980000019073486,7.980000019073486,7.980000019073486,7.670000076293945,7.789999961853027,39400.0
2016-10-04 00:00:00,8.350000381469727,8.350000381469727,8.4399995803833,7.989999771118164,8.0,34700.0
2016-10-05 00:00:00,8.470000267028809,8.470000267028809,8.479999542236328,8.270000457763672,8.3100004196167,58600.0
2016-10-06 00:00:00,8.09000015258789,8.09000015258789,8.449999809265137,7.860000133514404,8.449999809265137,16100.0
2016-10-07 00:00:00,7.96999979019165,7.96999979019165,8.289999961853027,7.960000038146973,8.140000343322754,9800.0
2016-10-10 00:00:00,8.079999923706055,8.079999923706055,8.109999656677246,7.949999809265137,8.050000190734863,19500.0
2016-10-11 00:00:00,7.619999885559082,7.619999885559082,8.300000190734863,7.559999942779541,8.0,104800.0
2016-10-12 00:00:00,7.679999828338623,7.679999828338623,7.949999809265137,7.619999885559082,7.679999828338623,9300.0
2016-10-13 00:00:00,7.389999866485596,7.389999866485596,7.699999809265137,7.389999866485596,7.559999942779541,10500.0
2016-10-14 00:00:00,7.570000171661377,7.570000171661377,7.769999980926514,7.369999885559082,7.440000057220459,16300.0
2016-10-17 00:00:00,7.570000171661377,7.570000171661377,7.570000171661377,7.380000114440918,7.570000171661377,14000.0
2016-10-18 00:00:00,7.639999866485596,7.639999866485596,7.960000038146973,7.440000057220459,7.599999904632568,37400.0
2016-10-19 00:00:00,7.860000133514404,7.860000133514404,7.869999885559082,7.510000228881836,7.71999979019165,41900.0
2016-10-20 00:00:00,7.96999979019165,7.96999979019165,7.980000019073486,7.760000228881836,7.929999828338623,21600.0
2016-10-21 00:00:00,7.960000038146973,7.960000038146973,7.980000019073486,7.53000020980835,7.980000019073486,90400.0
2016-10-24 00:00:00,7.800000190734863,7.800000190734863,7.980000019073486,7.5,7.760000228881836,147500.0
2016-10-25 00:00:00,7.670000076293945,7.670000076293945,7.880000114440918,7.610000133514404,7.710000038146973,16300.0
2016-10-26 00:00:00,7.599999904632568,7.599999904632568,7.71999979019165,7.570000171661377,7.639999866485596,33700.0
2016-10-27 00:00:00,7.300000190734863,7.300000190734863,7.829999923706055,7.28000020980835,7.559999942779541,83300.0
2016-10-28 00:00:00,6.989999771118164,6.989999771118164,7.429999828338623,6.849999904632568,7.260000228881836,72800.0
2016-10-31 00:00:00,6.829999923706055,6.829999923706055,7.139999866485596,6.829999923706055,7.079999923706055,7500.0
2016-11-01 00:00:00,6.570000171661377,6.570000171661377,7.099999904632568,6.5,6.840000152587891,36700.0
2016-11-02 00:00:00,6.429999828338623,6.429999828338623,7.679999828338623,6.289999961853027,6.5,38900.0
2016-11-03 00:00:00,6.53000020980835,6.53000020980835,7.659999847412109,6.46999979019165,6.53000020980835,34200.0
2016-11-04 00:00:00,6.369999885559082,6.369999885559082,6.630000114440918,6.28000020980835,6.630000114440918,20300.0
2016-11-07 00:00:00,6.46999979019165,6.46999979019165,6.599999904632568,6.429999828338623,6.550000190734863,21700.0
2016-11-08 00:00:00,6.489999771118164,6.489999771118164,6.619999885559082,6.409999847412109,6.599999904632568,55500.0
2016-11-09 00:00:00,6.599999904632568,6.599999904632568,7.210000038146973,6.349999904632568,6.800000190734863,45000.0
2016-11-10 00:00:00,6.550000190734863,6.550000190734863,6.849999904632568,6.460000038146973,6.599999904632568,68900.0
2016-11-11 00:00:00,6.739999771118164,6.739999771118164,6.800000190734863,6.5,6.5,33500.0
2016-11-14 00:00:00,6.940000057220459,6.940000057220459,7.110000133514404,6.800000190734863,6.800000190734863,47100.0
2016-11-15 00:00:00,7.159999847412109,7.159999847412109,7.28000020980835,6.800000190734863,6.800000190734863,49200.0
2016-11-16 00:00:00,8.010000228881836,8.010000228881836,8.170000076293945,7.139999866485596,7.139999866485596,166600.0
2016-11-17 00:00:00,8.449999809265137,8.449999809265137,8.449999809265137,7.840000152587891,8.050000190734863,100000.0
2016-11-18 00:00:00,8.210000038146973,8.210000038146973,8.4399995803833,8.0,8.4399995803833,56300.0
2016-11-21 00:00:00,7.989999771118164,7.989999771118164,8.199999809265137,7.269999980926514,8.199999809265137,35800.0
2016-11-22 00:00:00,8.359999656677246,8.359999656677246,8.390000343322754,7.909999847412109,8.100000381469727,66800.0
2016-11-23 00:00:00,8.329999923706055,8.329999923706055,8.390000343322754,8.0600004196167,8.390000343322754,33100.0
2016-11-25 00:00:00,8.039999961853027,8.039999961853027,8.260000228881836,7.980000019073486,8.260000228881836,17900.0
2016-11-28 00:00:00,7.900000095367432,7.900000095367432,8.0,7.579999923706055,8.0,43500.0
2016-11-29 00:00:00,8.0,8.0,8.0,7.760000228881836,7.900000095367432,37300.0
2016-11-30 00:00:00,8.119999885559082,8.119999885559082,8.180000305175781,7.769999980926514,8.0,35500.0
2016-12-01 00:00:00,7.75,7.75,8.15999984741211,7.75,8.119999885559082,19500.0
2016-12-02 00:00:00,7.730000019073486,7.730000019073486,7.800000190734863,7.5,7.75,22500.0
2016-12-05 00:00:00,8.130000114440918,8.130000114440918,8.180000305175781,7.699999809265137,7.71999979019165,27600.0
2016-12-06 00:00:00,8.40999984741211,8.40999984741211,8.40999984741211,8.130000114440918,8.130000114440918,36900.0
2016-12-07 00:00:00,7.840000152587891,7.840000152587891,8.399999618530273,7.800000190734863,8.399999618530273,56100.0
2016-12-08 00:00:00,7.96999979019165,7.96999979019165,8.34000015258789,7.869999885559082,8.050000190734863,15700.0
2016-12-09 00:00:00,8.039999961853027,8.039999961853027,8.1899995803833,7.809999942779541,8.050000190734863,40600.0
2016-12-12 00:00:00,8.1899995803833,8.1899995803833,8.369999885559082,7.960000038146973,8.039999961853027,54900.0
2016-12-13 00:00:00,8.050000190734863,8.050000190734863,8.140000343322754,7.960000038146973,8.140000343322754,34900.0
2016-12-14 00:00:00,8.130000114440918,8.130000114440918,8.180000305175781,7.800000190734863,8.039999961853027,42300.0
2016-12-15 00:00:00,7.920000076293945,7.920000076293945,8.140000343322754,7.849999904632568,8.100000381469727,29700.0
2016-12-16 00:00:00,7.539999961853027,7.539999961853027,7.820000171661377,7.539999961853027,7.820000171661377,35500.0
2016-12-19 00:00:00,7.880000114440918,7.880000114440918,7.929999828338623,7.5,7.5,33900.0
2016-12-20 00:00:00,7.639999866485596,7.639999866485596,7.900000095367432,7.539999961853027,7.900000095367432,19200.0
2016-12-21 00:00:00,8.100000381469727,8.100000381469727,8.100000381469727,7.610000133514404,7.610000133514404,32500.0
2016-12-22 00:00:00,7.989999771118164,7.989999771118164,8.09000015258789,7.840000152587891,8.09000015258789,16800.0
2016-12-23 00:00:00,8.0,8.0,8.029999732971191,7.860000133514404,8.0,6700.0
2016-12-27 00:00:00,8.050000190734863,8.050000190734863,8.050000190734863,7.920000076293945,8.0,19300.0
2016-12-28 00:00:00,7.980000019073486,7.980000019073486,8.039999961853027,7.809999942779541,8.020000457763672,14000.0
2016-12-29 00:00:00,7.829999923706055,7.829999923706055,8.010000228881836,7.820000171661377,8.0,5800.0
2016-12-30 00:00:00,7.679999828338623,7.679999828338623,7.860000133514404,7.650000095367432,7.760000228881836,16400.0
2017-01-03 00:00:00,7.679999828338623,7.679999828338623,7.980000019073486,7.519999980926514,7.75,40500.0
2017-01-04 00:00:00,7.570000171661377,7.570000171661377,7.940000057220459,7.53000020980835,7.75,14700.0
2017-01-05 00:00:00,7.519999980926514,7.519999980926514,7.710000038146973,7.489999771118164,7.590000152587891,32200.0
2017-01-06 00:00:00,7.429999828338623,7.429999828338623,7.599999904632568,7.429999828338623,7.570000171661377,28000.0
2017-01-09 00:00:00,7.25,7.25,7.670000076293945,7.25,7.480000019073486,42100.0
2017-01-10 00:00:00,7.510000228881836,7.510000228881836,7.679999828338623,7.400000095367432,7.400000095367432,42000.0
2017-01-11 00:00:00,7.489999771118164,7.489999771118164,7.639999866485596,7.360000133514404,7.519999980926514,8300.0
2017-01-12 00:00:00,7.389999866485596,7.389999866485596,7.53000020980835,7.349999904632568,7.380000114440918,51000.0
2017-01-13 00:00:00,7.989999771118164,7.989999771118164,7.989999771118164,7.550000190734863,7.550000190734863,46700.0
2017-01-17 00:00:00,7.949999809265137,7.949999809265137,7.960000038146973,7.659999847412109,7.960000038146973,8600.0
2017-01-18 00:00:00,7.900000095367432,7.900000095367432,7.949999809265137,7.800000190734863,7.949999809265137,8600.0
2017-01-19 00:00:00,8.029999732971191,8.029999732971191,8.029999732971191,7.800000190734863,8.0,27800.0
2017-01-20 00:00:00,8.0,8.0,8.199999809265137,8.0,8.100000381469727,50100.0
2017-01-23 00:00:00,8.0600004196167,8.0600004196167,8.109999656677246,8.0,8.0,18400.0
2017-01-24 00:00:00,8.079999923706055,8.079999923706055,8.109999656677246,8.020000457763672,8.0600004196167,10100.0
2017-01-25 00:00:00,8.25,8.25,8.25,8.100000381469727,8.170000076293945,22900.0
2017-01-26 00:00:00,8.239999771118164,8.239999771118164,8.289999961853027,8.130000114440918,8.25,14400.0
2017-01-27 00:00:00,8.1899995803833,8.1899995803833,8.260000228881836,8.140000343322754,8.15999984741211,24700.0
2017-01-30 00:00:00,8.180000305175781,8.180000305175781,8.210000038146973,8.010000228881836,8.119999885559082,15500.0
2017-01-31 00:00:00,8.270000457763672,8.270000457763672,8.270000457763672,8.0600004196167,8.170000076293945,5500.0
2017-02-01 00:00:00,8.229999542236328,8.229999542236328,8.279999732971191,8.039999961853027,8.25,6100.0
2017-02-02 00:00:00,8.5,8.5,8.5,8.25,8.260000228881836,65200.0
2017-02-03 00:00:00,8.899999618530273,8.899999618530273,8.899999618530273,8.380000114440918,8.5,65500.0
2017-02-06 00:00:00,8.899999618530273,8.899999618530273,8.899999618530273,8.5,8.800000190734863,57500.0
2017-02-07 00:00:00,8.899999618530273,8.899999618530273,8.899999618530273,8.699999809265137,8.850000381469727,55400.0
2017-02-08 00:00:00,8.949999809265137,8.949999809265137,8.949999809265137,8.800000190734863,8.899999618530273,47700.0
2017-02-09 00:00:00,9.0600004196167,9.0600004196167,9.140000343322754,8.8100004196167,8.90999984741211,61400.0
2017-02-10 00:00:00,9.350000381469727,9.350000381469727,9.359999656677246,8.789999961853027,9.149999618530273,66900.0
2017-02-13 00:00:00,9.319999694824219,9.319999694824219,9.5,9.029999732971191,9.149999618530273,79500.0
2017-02-14 00:00:00,9.210000038146973,9.210000038146973,9.359999656677246,8.960000038146973,9.220000267028809,43000.0
2017-02-15 00:00:00,9.170000076293945,9.170000076293945,9.229999542236328,8.989999771118164,9.149999618530273,13000.0
2017-02-16 00:00:00,9.050000190734863,9.050000190734863,9.1899995803833,8.960000038146973,9.109999656677246,42200.0
2017-02-17 00:00:00,9.0600004196167,9.0600004196167,9.09000015258789,8.979999542236328,9.029999732971191,12900.0
2017-02-20 00:00:00,,,,,,
2017-02-21 00:00:00,8.890000343322754,8.890000343322754,9.079999923706055,8.84000015258789,9.0,22900.0
2017-02-22 00:00:00,8.899999618530273,8.899999618530273,8.989999771118164,8.84000015258789,8.9399995803833,9300.0
2017-02-23 00:00:00,8.619999885559082,8.619999885559082,8.930000305175781,8.619999885559082,8.8100004196167,46300.0
2017-02-24 00:00:00,8.930000305175781,8.930000305175781,9.09000015258789,8.5,8.600000381469727,105100.0
2017-02-27 00:00:00,9.020000457763672,9.020000457763672,9.100000381469727,8.770000457763672,9.0,38100.0
2017-02-28 00:00:00,9.029999732971191,9.029999732971191,9.09000015258789,8.920000076293945,9.0,21400.0
2017-03-01 00:00:00,8.779999732971191,8.779999732971191,9.050000190734863,8.720000267028809,9.050000190734863,29200.0
2017-03-02 00:00:00,8.670000076293945,8.670000076293945,8.84000015258789,8.579999923706055,8.640000343322754,37400.0
2017-03-03 00:00:00,8.890000343322754,8.890000343322754,8.90999984741211,8.699999809265137,8.710000038146973,5200.0
2017-03-06 00:00:00,8.569999694824219,8.569999694824219,8.800000190734863,8.529999732971191,8.800000190734863,16400.0
2017-03-07 00:00:00,8.489999771118164,8.489999771118164,8.569999694824219,8.449999809265137,8.520000457763672,37600.0
2017-03-08 00:00:00,8.449999809265137,8.449999809265137,8.59000015258789,8.449999809265137,8.460000038146973,10000.0
2017-03-09 00:00:00,8.15999984741211,8.15999984741211,8.489999771118164,8.149999618530273,8.399999618530273,31400.0
2017-03-10 00:00:00,8.020000457763672,8.020000457763672,8.239999771118164,7.900000095367432,8.180000305175781,46100.0
2017-03-13 00:00:00,8.270000457763672,8.270000457763672,8.34000015258789,7.949999809265137,7.96999979019165,79400.0
2017-03-14 00:00:00,8.25,8.25,8.3100004196167,8.130000114440918,8.3100004196167,17500.0
2017-03-15 00:00:00,8.40999984741211,8.40999984741211,8.479999542236328,8.109999656677246,8.25,33500.0
2017-03-16 00:00:00,8.59000015258789,8.59000015258789,8.59000015258789,8.359999656677246,8.5,46200.0
2017-03-17 00:00:00,8.859999656677246,8.859999656677246,8.859999656677246,8.619999885559082,8.670000076293945,28200.0
2017-03-20 00:00:00,8.770000457763672,8.770000457763672,8.869999885559082,8.739999771118164,8.859999656677246,15800.0
2017-03-21 00:00:00,8.550000190734863,8.550000190734863,8.770000457763672,8.520000457763672,8.760000228881836,13100.0
2017-03-22 00:00:00,8.84000015258789,8.84000015258789,8.850000381469727,8.479999542236328,8.5,45400.0
2017-03-23 00:00:00,9.0,9.0,9.0,8.40999984741211,8.850000381469727,26800.0
2017-03-24 00:00:00,9.09000015258789,9.09000015258789,9.149999618530273,8.949999809265137,8.949999809265137,33000.0
2017-03-27 00:00:00,9.130000114440918,9.130000114440918,9.140000343322754,8.949999809265137,9.069999694824219,41800.0
2017-03-28 00:00:00,8.8100004196167,8.8100004196167,9.119999885559082,8.779999732971191,9.0,41900.0
2017-03-29 00:00:00,9.029999732971191,9.029999732971191,9.119999885559082,8.84000015258789,8.84000015258789,14300.0
2017-03-30 00:00:00,8.920000076293945,8.920000076293945,9.0,8.75,9.0,20100.0
2017-03-31 00:00:00,9.100000381469727,9.100000381469727,9.100000381469727,8.920000076293945,8.960000038146973,29600.0
2017-04-03 00:00:00,8.960000038146973,8.960000038146973,9.119999885559082,8.899999618530273,9.050000190734863,41200.0
2017-04-04 00:00:00,9.0600004196167,9.0600004196167,9.199999809265137,8.979999542236328,9.0,37800.0
2017-04-05 00:00:00,8.789999961853027,8.789999961853027,9.050000190734863,8.779999732971191,9.050000190734863,120200.0
2017-04-06 00:00:00,9.029999732971191,9.029999732971191,9.09000015258789,8.8100004196167,8.8100004196167,160100.0
2017-04-07 00:00:00,9.109999656677246,9.109999656677246,9.140000343322754,8.960000038146973,8.960000038146973,16200.0
2017-04-10 00:00:00,9.149999618530273,9.149999618530273,9.25,9.119999885559082,9.140000343322754,94700.0
2017-04-11 00:00:00,9.199999809265137,9.199999809265137,9.25,9.079999923706055,9.220000267028809,60600.0
2017-04-12 00:00:00,9.270000457763672,9.270000457763672,9.5,9.15999984741211,9.1899995803833,179300.0
2017-04-13 00:00:00,9.0,9.0,9.479999542236328,8.8100004196167,9.279999732971191,31900.0
2017-04-17 00:00:00,9.220000267028809,9.220000267028809,9.239999771118164,8.90999984741211,8.970000267028809,21700.0
2017-04-18 00:00:00,9.039999961853027,9.039999961853027,9.149999618530273,9.0,9.149999618530273,18000.0
2017-04-19 00:00:00,9.180000305175781,9.180000305175781,9.199999809265137,9.100000381469727,9.100000381469727,17200.0
2017-04-20 00:00:00,9.739999771118164,9.739999771118164,9.75,9.149999618530273,9.420000076293945,164100.0
2017-04-21 00:00:00,9.65999984741211,9.65999984741211,9.699999809265137,9.5,9.670000076293945,18700.0
2017-04-24 00:00:00,9.770000457763672,9.770000457763672,9.84000015258789,9.619999885559082,9.699999809265137,40200.0
2017-04-25 00:00:00,10.5,10.5,10.619999885559082,9.729999542236328,9.75,199000.0
2017-04-26 00:00:00,10.989999771118164,10.989999771118164,11.0,10.34000015258789,10.40999984741211,140000.0
2017-04-27 00:00:00,10.869999885559082,10.869999885559082,11.050000190734863,10.800000190734863,10.949999809265137,68700.0
2017-04-28 00:00:00,11.010000228881836,11.010000228881836,11.119999885559082,10.920000076293945,10.949999809265137,32200.0
2017-05-01 00:00:00,10.800000190734863,10.800000190734863,11.119999885559082,10.760000228881836,11.010000228881836,24500.0
2017-05-02 00:00:00,11.109999656677246,11.109999656677246,11.109999656677246,10.75,10.800000190734863,43400.0
2017-05-03 00:00:00,10.8100004196167,10.8100004196167,11.050000190734863,10.75,10.949999809265137,32000.0
2017-05-04 00:00:00,10.8100004196167,10.8100004196167,10.819999694824219,10.779999732971191,10.819999694824219,20000.0
2017-05-05 00:00:00,10.949999809265137,10.949999809265137,10.949999809265137,10.800000190734863,10.800000190734863,27800.0
2017-05-08 00:00:00,10.8100004196167,10.8100004196167,11.449999809265137,10.550000190734863,11.449999809265137,64300.0
2017-05-09 00:00:00,11.229999542236328,11.229999542236328,11.350000381469727,10.600000381469727,10.949999809265137,100900.0
2017-05-10 00:00:00,12.420000076293945,12.420000076293945,12.479999542236328,11.25,11.25,210400.0
2017-05-11 00:00:00,14.149999618530273,14.149999618530273,14.239999771118164,11.899999618530273,11.970000267028809,394200.0
2017-05-12 00:00:00,13.949999809265137,13.949999809265137,14.15999984741211,13.0,13.949999809265137,224900.0
2017-05-15 00:00:00,12.9399995803833,12.9399995803833,13.899999618530273,12.800000190734863,13.800000190734863,96700.0
2017-05-16 00:00:00,13.010000228881836,13.010000228881836,13.140000343322754,12.329999923706055,12.850000381469727,141000.0
2017-05-17 00:00:00,12.479999542236328,12.479999542236328,13.229999542236328,12.25,13.0,78400.0
2017-05-18 00:00:00,12.25,12.25,12.5,12.010000228881836,12.350000381469727,45500.0
2017-05-19 00:00:00,12.649999618530273,12.649999618530273,12.649999618530273,12.199999809265137,12.220000267028809,41300.0
2017-05-22 00:00:00,12.949999809265137,12.949999809265137,13.170000076293945,12.40999984741211,12.460000038146973,72300.0
2017-05-23 00:00:00,12.720000267028809,12.720000267028809,12.949999809265137,12.489999771118164,12.949999809265137,31100.0
2017-05-24 00:00:00,12.84000015258789,12.84000015258789,12.899999618530273,12.609999656677246,12.739999771118164,17200.0
2017-05-25 00:00:00,13.180000305175781,13.180000305175781,13.229999542236328,12.850000381469727,12.850000381469727,53400.0
2017-05-26 00:00:00,13.0,13.0,13.050000190734863,12.65999984741211,13.020000457763672,71900.0
2017-05-30 00:00:00,12.880000114440918,12.880000114440918,13.0,12.539999961853027,12.75,43600.0
2017-05-31 00:00:00,12.789999961853027,12.789999961853027,12.949999809265137,12.600000381469727,12.949999809265137,49500.0
2017-06-01 00:00:00,13.9399995803833,13.9399995803833,13.949999809265137,12.760000228881836,12.899999618530273,209800.0
2017-06-02 00:00:00,13.979999542236328,13.979999542236328,14.149999618530273,13.760000228881836,13.930000305175781,212800.0
2017-06-05 00:00:00,13.789999961853027,13.789999961853027,13.979999542236328,13.1899995803833,13.899999618530273,42500.0
2017-06-06 00:00:00,13.930000305175781,13.930000305175781,13.9399995803833,13.600000381469727,13.779999732971191,68400.0
2017-06-07 00:00:00,13.789999961853027,13.789999961853027,13.930000305175781,13.5,13.899999618530273,47300.0
2017-06-08 00:00:00,13.930000305175781,13.930000305175781,14.0,13.34000015258789,13.75,137300.0
2017-06-09 00:00:00,12.960000038146973,12.960000038146973,14.130000114440918,12.930000305175781,13.899999618530273,118300.0
2017-06-12 00:00:00,12.430000305175781,12.430000305175781,12.859999656677246,12.020000457763672,12.800000190734863,109100.0
2017-06-13 00:00:00,12.279999732971191,12.279999732971191,12.800000190734863,12.140000343322754,12.399999618530273,29200.0
2017-06-14 00:00:00,11.600000381469727,11.600000381469727,12.5,11.300000190734863,12.210000038146973,150000.0
2017-06-15 00:00:00,12.279999732971191,12.279999732971191,12.65999984741211,11.319999694824219,11.5,163300.0
2017-06-16 00:00:00,12.010000228881836,12.010000228881836,12.850000381469727,12.010000228881836,12.130000114440918,38400.0
2017-06-19 00:00:00,12.489999771118164,12.489999771118164,12.710000038146973,12.050000190734863,12.050000190734863,36300.0
2017-06-20 00:00:00,12.109999656677246,12.109999656677246,12.600000381469727,12.079999923706055,12.550000190734863,22300.0
2017-06-21 00:00:00,12.010000228881836,12.010000228881836,12.449999809265137,12.010000228881836,12.140000343322754,32200.0
2017-06-22 00:00:00,12.59000015258789,12.59000015258789,12.789999961853027,12.010000228881836,12.010000228881836,77700.0
2017-06-23 00:00:00,12.59000015258789,12.59000015258789,12.609999656677246,12.420000076293945,12.600000381469727,20800.0
2017-06-26 00:00:00,12.65999984741211,12.65999984741211,12.65999984741211,12.300000190734863,12.520000457763672,152000.0
2017-06-27 00:00:00,12.449999809265137,12.449999809265137,12.789999961853027,12.359999656677246,12.5,52800.0
2017-06-28 00:00:00,12.300000190734863,12.300000190734863,12.59000015258789,12.300000190734863,12.5,47100.0
2017-06-29 00:00:00,11.869999885559082,11.869999885559082,12.270000457763672,11.869999885559082,12.130000114440918,77000.0
2017-06-30 00:00:00,11.869999885559082,11.869999885559082,12.239999771118164,11.619999885559082,11.729999542236328,86000.0
2017-07-03 00:00:00,11.720000267028809,11.720000267028809,12.039999961853027,11.279999732971191,11.970000267028809,82900.0
2017-07-05 00:00:00,12.34000015258789,12.34000015258789,12.399999618530273,11.510000228881836,11.510000228881836,66300.0
2017-07-06 00:00:00,12.180000305175781,12.180000305175781,12.600000381469727,12.100000381469727,12.34000015258789,46700.0
2017-07-07 00:00:00,12.470000267028809,12.470000267028809,12.569999694824219,12.180000305175781,12.289999961853027,41300.0
2017-07-10 00:00:00,12.6899995803833,12.6899995803833,12.970000267028809,12.390000343322754,12.390000343322754,19600.0
2017-07-11 00:00:00,13.390000343322754,13.390000343322754,13.399999618530273,12.6899995803833,12.789999961853027,38300.0
2017-07-12 00:00:00,13.960000038146973,13.960000038146973,14.079999923706055,13.5,13.5,68400.0
2017-07-13 00:00:00,13.550000190734863,13.550000190734863,14.220000267028809,13.130000114440918,14.0,86000.0
2017-07-14 00:00:00,13.609999656677246,13.609999656677246,13.970000267028809,13.470000267028809,13.5,59900.0
2017-07-17 00:00:00,13.550000190734863,13.550000190734863,13.770000457763672,13.3100004196167,13.720000267028809,50800.0
2017-07-18 00:00:00,13.4399995803833,13.4399995803833,13.739999771118164,13.229999542236328,13.510000228881836,23800.0
2017-07-19 00:00:00,13.619999885559082,13.619999885559082,13.729999542236328,13.239999771118164,13.600000381469727,23600.0
2017-07-20 00:00:00,13.329999923706055,13.329999923706055,13.699999809265137,13.15999984741211,13.600000381469727,45500.0
2017-07-21 00:00:00,14.0,14.0,14.0,13.199999809265137,13.34000015258789,58000.0
2017-07-24 00:00:00,14.180000305175781,14.180000305175781,14.239999771118164,13.520000457763672,13.829999923706055,227500.0
2017-07-25 00:00:00,15.489999771118164,15.489999771118164,15.739999771118164,14.0,14.239999771118164,263100.0
2017-07-26 00:00:00,15.020000457763672,15.020000457763672,15.489999771118164,14.930000305175781,15.449999809265137,89200.0
2017-07-27 00:00:00,14.680000305175781,14.680000305175781,15.25,14.5,15.0,101900.0
2017-07-28 00:00:00,14.640000343322754,14.640000343322754,14.84000015258789,14.40999984741211,14.5,44000.0
2017-07-31 00:00:00,15.210000038146973,15.210000038146973,15.25,14.9399995803833,14.9399995803833,107800.0
2017-08-01 00:00:00,14.720000267028809,14.720000267028809,15.25,14.5,15.25,62300.0
2017-08-02 00:00:00,13.859999656677246,13.859999656677246,14.859999656677246,13.609999656677246,14.699999809265137,100100.0
2017-08-03 00:00:00,14.09000015258789,14.09000015258789,14.510000228881836,13.5,14.0,109200.0
2017-08-04 00:00:00,13.609999656677246,13.609999656677246,14.09000015258789,13.25,14.0,68100.0
2017-08-07 00:00:00,13.520000457763672,13.520000457763672,13.8100004196167,13.079999923706055,13.479999542236328,87600.0
2017-08-08 00:00:00,14.489999771118164,14.489999771118164,14.65999984741211,13.920000076293945,13.979999542236328,96000.0
2017-08-09 00:00:00,13.449999809265137,13.449999809265137,14.779999732971191,13.3100004196167,14.779999732971191,89700.0
2017-08-10 00:00:00,12.619999885559082,12.619999885559082,13.619999885559082,12.449999809265137,13.539999961853027,96900.0
2017-08-11 00:00:00,12.859999656677246,12.859999656677246,13.130000114440918,12.479999542236328,12.5,47100.0
2017-08-14 00:00:00,13.260000228881836,13.260000228881836,13.300000190734863,13.029999732971191,13.0600004196167,34900.0
2017-08-15 00:00:00,13.029999732971191,13.029999732971191,13.609999656677246,12.850000381469727,13.319999694824219,43000.0
2017-08-16 00:00:00,12.720000267028809,12.720000267028809,13.020000457763672,12.65999984741211,13.0,55400.0
2017-08-17 00:00:00,12.6899995803833,12.6899995803833,13.0,12.630000114440918,12.75,36900.0
2017-08-18 00:00:00,12.829999923706055,12.829999923706055,13.020000457763672,12.699999809265137,12.699999809265137,27500.0
2017-08-21 00:00:00,12.779999732971191,12.779999732971191,12.930000305175781,12.699999809265137,12.899999618530273,31600.0
2017-08-22 00:00:00,12.859999656677246,12.859999656677246,13.09000015258789,12.800000190734863,12.90999984741211,20600.0
2017-08-23 00:00:00,12.829999923706055,12.829999923706055,12.989999771118164,12.699999809265137,12.699999809265137,32300.0
2017-08-24 00:00:00,12.829999923706055,12.829999923706055,12.9399995803833,12.729999542236328,12.9399995803833,21900.0
2017-08-25 00:00:00,12.829999923706055,12.829999923706055,12.920000076293945,12.699999809265137,12.789999961853027,35500.0
2017-08-28 00:00:00,12.710000038146973,12.710000038146973,12.9399995803833,12.710000038146973,12.9399995803833,43500.0
2017-08-29 00:00:00,12.710000038146973,12.710000038146973,12.90999984741211,12.510000228881836,12.800000190734863,68400.0
2017-08-30 00:00:00,13.470000267028809,13.470000267028809,13.479999542236328,12.800000190734863,12.8100004196167,67300.0
2017-08-31 00:00:00,13.819999694824219,13.819999694824219,14.0,13.600000381469727,14.0,33000.0
2017-09-01 00:00:00,13.5,13.5,13.979999542236328,13.220000267028809,13.850000381469727,26000.0
2017-09-05 00:00:00,13.300000190734863,13.300000190734863,13.600000381469727,13.050000190734863,13.600000381469727,24000.0
2017-09-06 00:00:00,13.260000228881836,13.260000228881836,13.300000190734863,13.010000228881836,13.300000190734863,22800.0
2017-09-07 00:00:00,13.239999771118164,13.239999771118164,13.739999771118164,13.0600004196167,13.279999732971191,42300.0
2017-09-08 00:00:00,13.119999885559082,13.119999885559082,13.390000343322754,13.079999923706055,13.390000343322754,15900.0
2017-09-11 00:00:00,13.479999542236328,13.479999542236328,13.6899995803833,13.220000267028809,13.220000267028809,26200.0
2017-09-12 00:00:00,13.529999732971191,13.529999732971191,13.84000015258789,13.210000038146973,13.479999542236328,45000.0
2017-09-13 00:00:00,13.960000038146973,13.960000038146973,13.960000038146973,13.300000190734863,13.449999809265137,19500.0
2017-09-14 00:00:00,13.760000228881836,13.760000228881836,14.0,13.550000190734863,14.0,22600.0
2017-09-15 00:00:00,13.380000114440918,13.380000114440918,13.850000381469727,13.260000228881836,13.640000343322754,41100.0
2017-09-18 00:00:00,13.619999885559082,13.619999885559082,13.6899995803833,13.399999618530273,13.399999618530273,29500.0
2017-09-19 00:00:00,14.130000114440918,14.130000114440918,14.220000267028809,13.550000190734863,13.550000190734863,64100.0
2017-09-20 00:00:00,14.3100004196167,14.3100004196167,14.5,13.880000114440918,14.039999961853027,42900.0
2017-09-21 00:00:00,14.239999771118164,14.239999771118164,14.5,13.970000267028809,14.5,45200.0
2017-09-22 00:00:00,14.479999542236328,14.479999542236328,14.5,14.100000381469727,14.100000381469727,31300.0
2017-09-25 00:00:00,14.109999656677246,14.109999656677246,14.5,14.079999923706055,14.470000267028809,31800.0
2017-09-26 00:00:00,13.850000381469727,13.850000381469727,14.319999694824219,13.800000190734863,14.319999694824219,32600.0
2017-09-27 00:00:00,13.770000457763672,13.770000457763672,14.25,13.619999885559082,13.880000114440918,29000.0
2017-09-28 00:00:00,13.90999984741211,13.90999984741211,14.180000305175781,13.770000457763672,13.770000457763672,26900.0
2017-09-29 00:00:00,14.5600004196167,14.5600004196167,14.619999885559082,13.890000343322754,14.029999732971191,96200.0
2017-10-02 00:00:00,14.880000114440918,14.880000114440918,15.0,14.449999809265137,14.579999923706055,93300.0
2017-10-03 00:00:00,14.970000267028809,14.970000267028809,14.970000267028809,14.789999961853027,14.850000381469727,49700.0
2017-10-04 00:00:00,14.850000381469727,14.850000381469727,14.970000267028809,14.789999961853027,14.8100004196167,68000.0
2017-10-05 00:00:00,16.100000381469727,16.100000381469727,16.5,14.949999809265137,14.970000267028809,457500.0
2017-10-06 00:00:00,15.899999618530273,15.899999618530273,16.25,15.420000076293945,16.200000762939453,102100.0
2017-10-09 00:00:00,16.229999542236328,16.229999542236328,16.489999771118164,15.510000228881836,15.899999618530273,79700.0
2017-10-10 00:00:00,15.670000076293945,15.670000076293945,16.229999542236328,15.600000381469727,16.149999618530273,38500.0
2017-10-11 00:00:00,15.319999694824219,15.319999694824219,15.739999771118164,15.319999694824219,15.640000343322754,37500.0
2017-10-12 00:00:00,15.319999694824219,15.319999694824219,15.800000190734863,15.300000190734863,15.460000038146973,31400.0
2017-10-13 00:00:00,16.1299991607666,16.1299991607666,16.270000457763672,15.5,15.649999618530273,68100.0
2017-10-16 00:00:00,16.290000915527344,16.290000915527344,16.40999984741211,16.079999923706055,16.270000457763672,65800.0
2017-10-17 00:00:00,16.260000228881836,16.260000228881836,16.40999984741211,16.010000228881836,16.350000381469727,72100.0
2017-10-18 00:00:00,15.829999923706055,15.829999923706055,16.25,15.800000190734863,16.010000228881836,98400.0
2017-10-19 00:00:00,14.84000015258789,14.84000015258789,15.630000114440918,14.5600004196167,15.520000457763672,164900.0
2017-10-20 00:00:00,15.180000305175781,15.180000305175781,15.369999885559082,14.899999618530273,15.0600004196167,55200.0
2017-10-23 00:00:00,14.670000076293945,14.670000076293945,15.149999618530273,14.630000114440918,15.0,33700.0
2017-10-24 00:00:00,14.569999694824219,14.569999694824219,14.9399995803833,14.569999694824219,14.779999732971191,36600.0
2017-10-25 00:00:00,14.979999542236328,14.979999542236328,14.989999771118164,14.6899995803833,14.739999771118164,35600.0
2017-10-26 00:00:00,15.239999771118164,15.239999771118164,15.4399995803833,14.880000114440918,15.0,113100.0
2017-10-27 00:00:00,15.149999618530273,15.149999618530273,15.4399995803833,14.770000457763672,15.34000015258789,69800.0
2017-10-30 00:00:00,15.460000038146973,15.460000038146973,15.699999809265137,15.279999732971191,15.279999732971191,29000.0
2017-10-31 00:00:00,15.529999732971191,15.529999732971191,15.6899995803833,15.260000228881836,15.5,28600.0
2017-11-01 00:00:00,15.0,15.0,15.699999809265137,14.949999809265137,15.520000457763672,39200.0
2017-11-02 00:00:00,14.640000343322754,14.640000343322754,15.1899995803833,14.420000076293945,15.069999694824219,55100.0
2017-11-03 00:00:00,14.789999961853027,14.789999961853027,14.989999771118164,14.529999732971191,14.649999618530273,46300.0
2017-11-06 00:00:00,16.0,16.0,16.0,14.829999923706055,14.859999656677246,67400.0
2017-11-07 00:00:00,16.040000915527344,16.040000915527344,16.200000762939453,15.630000114440918,16.200000762939453,84200.0
2017-11-08 00:00:00,15.989999771118164,15.989999771118164,16.049999237060547,15.84000015258789,16.049999237060547,102400.0
2017-11-09 00:00:00,14.1899995803833,14.1899995803833,15.670000076293945,13.819999694824219,15.670000076293945,211500.0
2017-11-10 00:00:00,14.510000228881836,14.510000228881836,15.0,14.199999809265137,14.25,85700.0
2017-11-13 00:00:00,14.270000457763672,14.270000457763672,14.6899995803833,14.210000038146973,14.359999656677246,72800.0
2017-11-14 00:00:00,14.029999732971191,14.029999732971191,14.5,13.84000015258789,14.359999656677246,54800.0
2017-11-15 00:00:00,13.90999984741211,13.90999984741211,14.0,13.399999618530273,13.819999694824219,61300.0
2017-11-16 00:00:00,13.979999542236328,13.979999542236328,14.100000381469727,13.6899995803833,14.0,27000.0
2017-11-17 00:00:00,14.25,14.25,14.5,13.869999885559082,13.869999885559082,40200.0
2017-11-20 00:00:00,14.6899995803833,14.6899995803833,14.789999961853027,14.210000038146973,14.369999885559082,30200.0
2017-11-21 00:00:00,14.609999656677246,14.609999656677246,14.920000076293945,14.119999885559082,14.6899995803833,80300.0
2017-11-22 00:00:00,14.5,14.5,14.760000228881836,14.369999885559082,14.739999771118164,37500.0
2017-11-24 00:00:00,14.489999771118164,14.489999771118164,14.859999656677246,14.229999542236328,14.5,31900.0
2017-11-27 00:00:00,14.850000381469727,14.850000381469727,14.899999618530273,14.4399995803833,14.579999923706055,59700.0
2017-11-28 00:00:00,14.84000015258789,14.84000015258789,15.479999542236328,14.770000457763672,14.850000381469727,143700.0
2017-11-29 00:00:00,14.8100004196167,14.8100004196167,15.0,14.5,14.930000305175781,44500.0
2017-11-30 00:00:00,14.600000381469727,14.600000381469727,14.930000305175781,14.600000381469727,14.75,29300.0
2017-12-01 00:00:00,14.890000343322754,14.890000343322754,14.90999984741211,14.5,14.710000038146973,72500.0
2017-12-04 00:00:00,14.739999771118164,14.739999771118164,15.140000343322754,14.40999984741211,14.949999809265137,58300.0
2017-12-05 00:00:00,15.239999771118164,15.239999771118164,15.25,14.699999809265137,14.75,111000.0
2017-12-06 00:00:00,14.109999656677246,14.109999656677246,14.989999771118164,14.100000381469727,14.949999809265137,60000.0
2017-12-07 00:00:00,14.050000190734863,14.050000190734863,14.579999923706055,13.949999809265137,14.109999656677246,58600.0
2017-12-08 00:00:00,13.680000305175781,13.680000305175781,14.34000015258789,13.609999656677246,14.270000457763672,89500.0
2017-12-11 00:00:00,12.970000267028809,12.970000267028809,13.880000114440918,12.970000267028809,13.84000015258789,89900.0
2017-12-12 00:00:00,12.300000190734863,12.300000190734863,13.899999618530273,12.300000190734863,12.899999618530273,157300.0
2017-12-13 00:00:00,12.630000114440918,12.630000114440918,13.0,12.460000038146973,12.489999771118164,93300.0
2017-12-14 00:00:00,12.510000228881836,12.510000228881836,13.300000190734863,12.5,13.0,44400.0
2017-12-15 00:00:00,13.680000305175781,13.680000305175781,13.850000381469727,12.5,12.59000015258789,219800.0
2017-12-18 00:00:00,13.800000190734863,13.800000190734863,14.020000457763672,13.5,13.710000038146973,60400.0
2017-12-19 00:00:00,13.729999542236328,13.729999542236328,13.979999542236328,13.600000381469727,13.640000343322754,31400.0
2017-12-20 00:00:00,14.039999961853027,14.039999961853027,14.229999542236328,13.65999984741211,13.699999809265137,35500.0
2017-12-21 00:00:00,13.109999656677246,13.109999656677246,14.0,12.9399995803833,13.890000343322754,49200.0
2017-12-22 00:00:00,12.65999984741211,12.65999984741211,13.800000190734863,12.600000381469727,13.260000228881836,67500.0
2017-12-26 00:00:00,12.5,12.5,12.819999694824219,12.40999984741211,12.649999618530273,40300.0
2017-12-27 00:00:00,12.390000343322754,12.390000343322754,12.850000381469727,12.350000381469727,12.5,70000.0
2017-12-28 00:00:00,12.6899995803833,12.6899995803833,12.850000381469727,12.430000305175781,12.600000381469727,55000.0
2017-12-29 00:00:00,12.710000038146973,12.710000038146973,12.729999542236328,12.449999809265137,12.649999618530273,119600.0
2018-01-02 00:00:00,12.399999618530273,12.399999618530273,12.989999771118164,12.359999656677246,12.600000381469727,51500.0
2018-01-03 00:00:00,12.359999656677246,12.359999656677246,12.59000015258789,11.75,12.460000038146973,165300.0
2018-01-04 00:00:00,12.25,12.25,12.479999542236328,12.0,12.0,90400.0
2018-01-05 00:00:00,12.119999885559082,12.119999885559082,12.479999542236328,12.109999656677246,12.289999961853027,52000.0
2018-01-08 00:00:00,12.130000114440918,12.130000114440918,12.350000381469727,12.020000457763672,12.119999885559082,100000.0
2018-01-09 00:00:00,12.789999961853027,12.789999961853027,12.800000190734863,12.239999771118164,12.420000076293945,139000.0
2018-01-10 00:00:00,13.600000381469727,13.600000381469727,13.600000381469727,12.859999656677246,12.899999618530273,173300.0
2018-01-11 00:00:00,13.90999984741211,13.90999984741211,14.0,13.619999885559082,13.890000343322754,83600.0
2018-01-12 00:00:00,13.779999732971191,13.779999732971191,14.109999656677246,13.619999885559082,14.0,35600.0
2018-01-16 00:00:00,13.180000305175781,13.180000305175781,13.729999542236328,12.800000190734863,13.670000076293945,52100.0
2018-01-17 00:00:00,13.850000381469727,13.850000381469727,13.960000038146973,13.100000381469727,13.25,91900.0
2018-01-18 00:00:00,12.989999771118164,12.989999771118164,13.6899995803833,12.90999984741211,13.6899995803833,78400.0
2018-01-19 00:00:00,13.390000343322754,13.390000343322754,13.470000267028809,13.069999694824219,13.069999694824219,41000.0
2018-01-22 00:00:00,13.5,13.5,13.65999984741211,13.329999923706055,13.449999809265137,45600.0
2018-01-23 00:00:00,13.65999984741211,13.65999984741211,13.819999694824219,13.449999809265137,13.59000015258789,34000.0
2018-01-24 00:00:00,13.9399995803833,13.9399995803833,14.079999923706055,13.630000114440918,13.65999984741211,38000.0
2018-01-25 00:00:00,13.539999961853027,13.539999961853027,14.09000015258789,13.529999732971191,13.989999771118164,35500.0
2018-01-26 00:00:00,13.760000228881836,13.760000228881836,14.0,13.520000457763672,13.75,24500.0
2018-01-29 00:00:00,13.649999618530273,13.649999618530273,13.850000381469727,13.510000228881836,13.75,25300.0
2018-01-30 00:00:00,13.470000267028809,13.470000267028809,13.600000381469727,13.0,13.569999694824219,47100.0
2018-01-31 00:00:00,12.84000015258789,12.84000015258789,13.5,12.75,13.449999809265137,45800.0
2018-02-01 00:00:00,13.15999984741211,13.15999984741211,13.3100004196167,12.75,12.829999923706055,29300.0
2018-02-02 00:00:00,12.550000190734863,12.550000190734863,13.3100004196167,12.479999542236328,13.130000114440918,109000.0
2018-02-05 00:00:00,12.600000381469727,12.600000381469727,12.880000114440918,12.279999732971191,12.5,55000.0
2018-02-06 00:00:00,12.4399995803833,12.4399995803833,12.670000076293945,12.260000228881836,12.5,50500.0
2018-02-07 00:00:00,12.979999542236328,12.979999542236328,12.979999542236328,12.5600004196167,12.65999984741211,24600.0
2018-02-08 00:00:00,12.109999656677246,12.109999656677246,13.109999656677246,12.100000381469727,12.920000076293945,63600.0
2018-02-09 00:00:00,11.649999618530273,11.649999618530273,12.380000114440918,11.630000114440918,12.300000190734863,87000.0
2018-02-12 00:00:00,12.050000190734863,12.050000190734863,12.359999656677246,11.819999694824219,12.239999771118164,82200.0
2018-02-13 00:00:00,12.15999984741211,12.15999984741211,12.470000267028809,12.0,12.069999694824219,122900.0
2018-02-14 00:00:00,11.899999618530273,11.899999618530273,12.40999984741211,11.859999656677246,12.199999809265137,112900.0
2018-02-15 00:00:00,11.960000038146973,11.960000038146973,12.489999771118164,11.880000114440918,12.15999984741211,65100.0
2018-02-16 00:00:00,11.989999771118164,11.989999771118164,12.199999809265137,11.75,12.0,57400.0
2018-02-20 00:00:00,11.460000038146973,11.460000038146973,12.069999694824219,11.229999542236328,12.020000457763672,203400.0
2018-02-21 00:00:00,12.420000076293945,12.420000076293945,12.479999542236328,11.5,11.569999694824219,127100.0
2018-02-22 00:00:00,11.899999618530273,11.899999618530273,12.420000076293945,11.800000190734863,12.100000381469727,53200.0
2018-02-23 00:00:00,12.020000457763672,12.020000457763672,12.020000457763672,11.649999618530273,11.850000381469727,36900.0
2018-02-26 00:00:00,12.1899995803833,12.1899995803833,12.25,11.800000190734863,12.199999809265137,35200.0
2018-02-27 00:00:00,11.960000038146973,11.960000038146973,12.149999618530273,11.779999732971191,12.109999656677246,25900.0
2018-02-28 00:00:00,11.619999885559082,11.619999885559082,12.180000305175781,11.550000190734863,11.880000114440918,80300.0
2018-03-01 00:00:00,11.949999809265137,11.949999809265137,12.029999732971191,11.460000038146973,11.619999885559082,48200.0
2018-03-02 00:00:00,12.149999618530273,12.149999618530273,12.25,11.699999809265137,11.9399995803833,42100.0
2018-03-05 00:00:00,12.069999694824219,12.069999694824219,12.479999542236328,12.069999694824219,12.149999618530273,47200.0
2018-03-06 00:00:00,12.59000015258789,12.59000015258789,12.899999618530273,12.34000015258789,12.75,103700.0
2018-03-07 00:00:00,12.989999771118164,12.989999771118164,13.0,12.600000381469727,12.800000190734863,102600.0
2018-03-08 00:00:00,12.930000305175781,12.930000305175781,13.0,12.609999656677246,13.0,156000.0
2018-03-09 00:00:00,13.289999961853027,13.289999961853027,13.430000305175781,12.920000076293945,12.949999809265137,89700.0
2018-03-12 00:00:00,13.260000228881836,13.260000228881836,13.399999618530273,13.029999732971191,13.399999618530273,58400.0
2018-03-13 00:00:00,13.25,13.25,13.399999618530273,13.149999618530273,13.279999732971191,33600.0
2018-03-14 00:00:00,13.229999542236328,13.229999542236328,13.319999694824219,13.09000015258789,13.300000190734863,26100.0
2018-03-15 00:00:00,13.5,13.5,13.5,13.130000114440918,13.369999885559082,89700.0
2018-03-16 00:00:00,13.380000114440918,13.380000114440918,13.5,13.140000343322754,13.4399995803833,29800.0
2018-03-19 00:00:00,13.34000015258789,13.34000015258789,13.5,13.100000381469727,13.390000343322754,43900.0
2018-03-20 00:00:00,13.359999656677246,13.359999656677246,13.600000381469727,13.079999923706055,13.380000114440918,64300.0
2018-03-21 00:00:00,13.449999809265137,13.449999809265137,13.880000114440918,13.199999809265137,13.40999984741211,40900.0
2018-03-22 00:00:00,13.550000190734863,13.550000190734863,13.84000015258789,13.399999618530273,13.5600004196167,37500.0
2018-03-23 00:00:00,12.789999961853027,12.789999961853027,13.449999809265137,12.779999732971191,13.449999809265137,23900.0
2018-03-26 00:00:00,12.890000343322754,12.890000343322754,13.050000190734863,12.600000381469727,12.989999771118164,30900.0
2018-03-27 00:00:00,12.890000343322754,12.890000343322754,13.09000015258789,12.609999656677246,12.949999809265137,44900.0
2018-03-28 00:00:00,11.670000076293945,11.670000076293945,12.859999656677246,11.520000457763672,12.859999656677246,117200.0
2018-03-29 00:00:00,11.6899995803833,11.6899995803833,12.359999656677246,11.600000381469727,11.800000190734863,106600.0
2018-04-02 00:00:00,11.460000038146973,11.460000038146973,11.770000457763672,11.25,11.770000457763672,41200.0
2018-04-03 00:00:00,11.729999542236328,11.729999542236328,11.850000381469727,11.329999923706055,11.399999618530273,71200.0
2018-04-04 00:00:00,11.350000381469727,11.350000381469727,11.930000305175781,11.300000190734863,11.680000305175781,103100.0
2018-04-05 00:00:00,11.710000038146973,11.710000038146973,11.880000114440918,11.510000228881836,11.579999923706055,44500.0
2018-04-06 00:00:00,11.65999984741211,11.65999984741211,11.760000228881836,11.600000381469727,11.75,27200.0
2018-04-09 00:00:00,11.65999984741211,11.65999984741211,11.760000228881836,11.600000381469727,11.720000267028809,25300.0
2018-04-10 00:00:00,11.4399995803833,11.4399995803833,11.710000038146973,11.390000343322754,11.710000038146973,60100.0
2018-04-11 00:00:00,11.510000228881836,11.510000228881836,11.649999618530273,11.430000305175781,11.430000305175781,27400.0
2018-04-12 00:00:00,11.4399995803833,11.4399995803833,11.75,11.399999618530273,11.619999885559082,20300.0
2018-04-13 00:00:00,11.710000038146973,11.710000038146973,11.729999542236328,11.40999984741211,11.550000190734863,15800.0
2018-04-16 00:00:00,11.529999732971191,11.529999732971191,11.890000343322754,11.40999984741211,11.789999961853027,52200.0
2018-04-17 00:00:00,11.789999961853027,11.789999961853027,11.890000343322754,11.399999618530273,11.779999732971191,40900.0
2018-04-18 00:00:00,12.470000267028809,12.470000267028809,12.470000267028809,11.890000343322754,11.979999542236328,62600.0
2018-04-19 00:00:00,12.350000381469727,12.350000381469727,12.649999618530273,12.180000305175781,12.319999694824219,47800.0
2018-04-20 00:00:00,12.65999984741211,12.65999984741211,12.75,12.420000076293945,12.649999618530273,71800.0
2018-04-23 00:00:00,12.229999542236328,12.229999542236328,12.600000381469727,12.029999732971191,12.600000381469727,17000.0
2018-04-24 00:00:00,11.670000076293945,11.670000076293945,12.430000305175781,11.600000381469727,12.149999618530273,46500.0
2018-04-25 00:00:00,11.970000267028809,11.970000267028809,12.029999732971191,11.59000015258789,12.029999732971191,30500.0
2018-04-26 00:00:00,11.989999771118164,11.989999771118164,12.359999656677246,11.850000381469727,11.869999885559082,33300.0
2018-04-27 00:00:00,11.739999771118164,11.739999771118164,12.109999656677246,11.739999771118164,12.029999732971191,93800.0
2018-04-30 00:00:00,11.989999771118164,11.989999771118164,12.140000343322754,11.899999618530273,11.970000267028809,70200.0
2018-05-01 00:00:00,12.09000015258789,12.09000015258789,12.279999732971191,11.960000038146973,12.050000190734863,43800.0
2018-05-02 00:00:00,12.0,12.0,12.25,11.90999984741211,12.149999618530273,20500.0
2018-05-03 00:00:00,11.890000343322754,11.890000343322754,12.0,11.850000381469727,12.0,42300.0
2018-05-04 00:00:00,12.15999984741211,12.15999984741211,12.390000343322754,11.949999809265137,12.09000015258789,88200.0
2018-05-07 00:00:00,12.0,12.0,12.5,11.789999961853027,12.449999809265137,32800.0
2018-05-08 00:00:00,12.039999961853027,12.039999961853027,12.430000305175781,11.859999656677246,11.960000038146973,45500.0
2018-05-09 00:00:00,12.229999542236328,12.229999542236328,12.3100004196167,12.0,12.149999618530273,38800.0
2018-05-10 00:00:00,12.300000190734863,12.300000190734863,12.380000114440918,12.149999618530273,12.300000190734863,10000.0
2018-05-11 00:00:00,11.979999542236328,11.979999542236328,12.350000381469727,11.920000076293945,12.350000381469727,24300.0
2018-05-14 00:00:00,12.130000114440918,12.130000114440918,12.34000015258789,12.010000228881836,12.25,77800.0
2018-05-15 00:00:00,12.399999618530273,12.399999618530273,12.699999809265137,12.180000305175781,12.699999809265137,111200.0
2018-05-16 00:00:00,12.5,12.5,12.5600004196167,12.399999618530273,12.5600004196167,71600.0
2018-05-17 00:00:00,12.550000190734863,12.550000190734863,12.75,12.529999732971191,12.720000267028809,91600.0
2018-05-18 00:00:00,12.609999656677246,12.609999656677246,12.739999771118164,12.449999809265137,12.720000267028809,75900.0
2018-05-21 00:00:00,12.520000457763672,12.520000457763672,12.699999809265137,12.449999809265137,12.520000457763672,47400.0
2018-05-22 00:00:00,12.430000305175781,12.430000305175781,12.600000381469727,12.369999885559082,12.479999542236328,34400.0
2018-05-23 00:00:00,12.460000038146973,12.460000038146973,12.630000114440918,12.300000190734863,12.399999618530273,59800.0
2018-05-24 00:00:00,12.399999618530273,12.399999618530273,12.600000381469727,12.25,12.600000381469727,52900.0
2018-05-25 00:00:00,12.420000076293945,12.420000076293945,12.539999961853027,12.270000457763672,12.539999961853027,35800.0
2018-05-29 00:00:00,12.289999961853027,12.289999961853027,12.390000343322754,12.15999984741211,12.34000015258789,53700.0
2018-05-30 00:00:00,12.210000038146973,12.210000038146973,12.279999732971191,12.050000190734863,12.119999885559082,72200.0
2018-05-31 00:00:00,12.079999923706055,12.079999923706055,12.199999809265137,12.010000228881836,12.020000457763672,72600.0
2018-06-01 00:00:00,12.050000190734863,12.050000190734863,12.119999885559082,11.890000343322754,12.020000457763672,94200.0
2018-06-04 00:00:00,12.180000305175781,12.180000305175781,12.199999809265137,12.0600004196167,12.079999923706055,56000.0
2018-06-05 00:00:00,12.1899995803833,12.1899995803833,12.270000457763672,12.020000457763672,12.199999809265137,79400.0
2018-06-06 00:00:00,12.119999885559082,12.119999885559082,12.25,12.020000457763672,12.25,81800.0
2018-06-07 00:00:00,11.970000267028809,11.970000267028809,12.25,11.869999885559082,12.25,165700.0
2018-06-08 00:00:00,12.579999923706055,12.579999923706055,12.579999923706055,11.979999542236328,12.0,125700.0
2018-06-11 00:00:00,12.729999542236328,12.729999542236328,12.760000228881836,12.430000305175781,12.760000228881836,155800.0
2018-06-12 00:00:00,12.579999923706055,12.579999923706055,12.869999885559082,12.479999542236328,12.869999885559082,125300.0
2018-06-13 00:00:00,12.869999885559082,12.869999885559082,12.899999618530273,12.479999542236328,12.789999961853027,92100.0
2018-06-14 00:00:00,13.319999694824219,13.319999694824219,13.329999923706055,12.800000190734863,12.949999809265137,165500.0
2018-06-15 00:00:00,13.0600004196167,13.0600004196167,13.420000076293945,12.859999656677246,13.420000076293945,85700.0
2018-06-18 00:00:00,13.029999732971191,13.029999732971191,13.220000267028809,12.850000381469727,13.0,65200.0
2018-06-19 00:00:00,13.020000457763672,13.020000457763672,13.050000190734863,12.800000190734863,13.0,49200.0
2018-06-20 00:00:00,13.140000343322754,13.140000343322754,13.300000190734863,12.9399995803833,13.050000190734863,79900.0
2018-06-21 00:00:00,12.84000015258789,12.84000015258789,13.119999885559082,12.739999771118164,13.119999885559082,46100.0
2018-06-22 00:00:00,12.640000343322754,12.640000343322754,12.930000305175781,12.550000190734863,12.90999984741211,25600.0
2018-06-25 00:00:00,12.670000076293945,12.670000076293945,12.779999732971191,12.550000190734863,12.699999809265137,84700.0
2018-06-26 00:00:00,12.850000381469727,12.850000381469727,12.899999618530273,12.399999618530273,12.609999656677246,36600.0
2018-06-27 00:00:00,12.609999656677246,12.609999656677246,12.859999656677246,12.5600004196167,12.8100004196167,35600.0
2018-06-28 00:00:00,12.680000305175781,12.680000305175781,12.75,12.399999618530273,12.5,29000.0
2018-06-29 00:00:00,12.979999542236328,12.979999542236328,12.979999542236328,12.699999809265137,12.729999542236328,52300.0
2018-07-02 00:00:00,12.789999961853027,12.789999961853027,12.949999809265137,12.5600004196167,12.949999809265137,29700.0
2018-07-03 00:00:00,12.880000114440918,12.880000114440918,12.930000305175781,12.670000076293945,12.850000381469727,24900.0
2018-07-05 00:00:00,12.930000305175781,12.930000305175781,13.149999618530273,12.710000038146973,13.149999618530273,48600.0
2018-07-06 00:00:00,13.210000038146973,13.210000038146973,13.369999885559082,12.760000228881836,13.140000343322754,89600.0
2018-07-09 00:00:00,13.0,13.0,13.199999809265137,12.890000343322754,13.029999732971191,47500.0
2018-07-10 00:00:00,12.979999542236328,12.979999542236328,13.100000381469727,12.829999923706055,13.0,22700.0
2018-07-11 00:00:00,12.989999771118164,12.989999771118164,13.100000381469727,12.869999885559082,13.020000457763672,26100.0
2018-07-12 00:00:00,13.0,13.0,13.100000381469727,12.920000076293945,12.920000076293945,59300.0
2018-07-13 00:00:00,12.920000076293945,12.920000076293945,13.0600004196167,12.84000015258789,13.050000190734863,25100.0
2018-07-16 00:00:00,12.770000457763672,12.770000457763672,12.970000267028809,12.670000076293945,12.84000015258789,29400.0
2018-07-17 00:00:00,12.369999885559082,12.369999885559082,12.739999771118164,12.34000015258789,12.710000038146973,33700.0
2018-07-18 00:00:00,12.59000015258789,12.59000015258789,12.6899995803833,12.25,12.5,61000.0
2018-07-19 00:00:00,13.229999542236328,13.229999542236328,13.699999809265137,12.760000228881836,12.859999656677246,465900.0
2018-07-20 00:00:00,13.850000381469727,13.850000381469727,13.970000267028809,13.359999656677246,13.5,191200.0
2018-07-23 00:00:00,13.260000228881836,13.260000228881836,14.0,13.15999984741211,13.989999771118164,168200.0
2018-07-24 00:00:00,12.789999961853027,12.789999961853027,13.59000015258789,12.75,13.300000190734863,824100.0
2018-07-25 00:00:00,13.210000038146973,13.210000038146973,13.300000190734863,12.770000457763672,12.800000190734863,172000.0
2018-07-26 00:00:00,13.25,13.25,13.399999618530273,12.960000038146973,13.300000190734863,76800.0
2018-07-27 00:00:00,12.869999885559082,12.869999885559082,13.399999618530273,12.6899995803833,13.399999618530273,97300.0
2018-07-30 00:00:00,12.75,12.75,12.930000305175781,12.680000305175781,12.789999961853027,139100.0
2018-07-31 00:00:00,12.59000015258789,12.59000015258789,12.770000457763672,12.5600004196167,12.680000305175781,55000.0
2018-08-01 00:00:00,12.65999984741211,12.65999984741211,12.739999771118164,12.550000190734863,12.550000190734863,26900.0
2018-08-02 00:00:00,12.65999984741211,12.65999984741211,12.770000457763672,12.569999694824219,12.720000267028809,54900.0
2018-08-03 00:00:00,12.670000076293945,12.670000076293945,12.84000015258789,12.550000190734863,12.65999984741211,68800.0
2018-08-06 00:00:00,13.119999885559082,13.119999885559082,13.119999885559082,12.739999771118164,12.850000381469727,85900.0
2018-08-07 00:00:00,12.979999542236328,12.979999542236328,13.25,12.789999961853027,13.199999809265137,87700.0
2018-08-08 00:00:00,13.40999984741211,13.40999984741211,13.5,13.170000076293945,13.170000076293945,59000.0
2018-08-09 00:00:00,13.399999618530273,13.399999618530273,13.529999732971191,13.350000381469727,13.390000343322754,44400.0
2018-08-10 00:00:00,13.09000015258789,13.09000015258789,13.399999618530273,13.09000015258789,13.350000381469727,41700.0
2018-08-13 00:00:00,12.720000267028809,12.720000267028809,13.279999732971191,12.600000381469727,13.279999732971191,81500.0
2018-08-14 00:00:00,12.9399995803833,12.9399995803833,13.0600004196167,12.75,12.84000015258789,43200.0
2018-08-15 00:00:00,12.84000015258789,12.84000015258789,13.15999984741211,12.75,12.850000381469727,32400.0
2018-08-16 00:00:00,12.84000015258789,12.84000015258789,12.960000038146973,12.760000228881836,12.8100004196167,36600.0
2018-08-17 00:00:00,13.010000228881836,13.010000228881836,13.069999694824219,12.760000228881836,12.880000114440918,30200.0
2018-08-20 00:00:00,13.210000038146973,13.210000038146973,13.25,12.989999771118164,13.130000114440918,24500.0
2018-08-21 00:00:00,13.270000457763672,13.270000457763672,13.40999984741211,13.170000076293945,13.210000038146973,46300.0
2018-08-22 00:00:00,13.25,13.25,13.4399995803833,13.199999809265137,13.300000190734863,28200.0
2018-08-23 00:00:00,13.25,13.25,13.460000038146973,13.199999809265137,13.390000343322754,38100.0
2018-08-24 00:00:00,13.789999961853027,13.789999961853027,13.819999694824219,13.300000190734863,13.4399995803833,70500.0
2018-08-27 00:00:00,14.640000343322754,14.640000343322754,14.84000015258789,13.850000381469727,13.899999618530273,148300.0
2018-08-28 00:00:00,14.539999961853027,14.539999961853027,14.699999809265137,14.350000381469727,14.65999984741211,58000.0
2018-08-29 00:00:00,15.100000381469727,15.100000381469727,15.100000381469727,14.520000457763672,14.649999618530273,150800.0
2018-08-30 00:00:00,14.880000114440918,14.880000114440918,15.100000381469727,14.720000267028809,15.100000381469727,51200.0
2018-08-31 00:00:00,15.149999618530273,15.149999618530273,15.149999618530273,14.729999542236328,14.869999885559082,84500.0
2018-09-04 00:00:00,15.0,15.0,15.100000381469727,14.800000190734863,15.100000381469727,35700.0
2018-09-05 00:00:00,14.630000114440918,14.630000114440918,14.930000305175781,14.350000381469727,14.930000305175781,60200.0
2018-09-06 00:00:00,14.640000343322754,14.640000343322754,14.699999809265137,14.369999885559082,14.600000381469727,30900.0
2018-09-07 00:00:00,14.550000190734863,14.550000190734863,14.6899995803833,14.430000305175781,14.430000305175781,30600.0
2018-09-10 00:00:00,14.5600004196167,14.5600004196167,14.699999809265137,14.449999809265137,14.699999809265137,10600.0
2018-09-11 00:00:00,14.510000228881836,14.510000228881836,14.600000381469727,14.270000457763672,14.600000381469727,36700.0
2018-09-12 00:00:00,14.640000343322754,14.640000343322754,14.699999809265137,14.069999694824219,14.5,44700.0
2018-09-13 00:00:00,14.600000381469727,14.600000381469727,14.9399995803833,14.220000267028809,14.470000267028809,69100.0
2018-09-14 00:00:00,14.539999961853027,14.539999961853027,14.90999984741211,14.4399995803833,14.75,47400.0
2018-09-17 00:00:00,14.220000267028809,14.220000267028809,14.489999771118164,14.119999885559082,14.449999809265137,45300.0
2018-09-18 00:00:00,13.899999618530273,13.899999618530273,14.649999618530273,13.859999656677246,14.149999618530273,57400.0
2018-09-19 00:00:00,13.890000343322754,13.890000343322754,13.9399995803833,13.449999809265137,13.9399995803833,139700.0
2018-09-20 00:00:00,13.640000343322754,13.640000343322754,13.859999656677246,13.510000228881836,13.859999656677246,38800.0
2018-09-21 00:00:00,14.100000381469727,14.100000381469727,14.100000381469727,13.579999923706055,13.789999961853027,61300.0
2018-09-24 00:00:00,13.75,13.75,14.0,13.619999885559082,13.989999771118164,30700.0
2018-09-25 00:00:00,13.75,13.75,13.930000305175781,13.619999885559082,13.930000305175781,42600.0
2018-09-26 00:00:00,13.75,13.75,13.880000114440918,13.470000267028809,13.720000267028809,41300.0
2018-09-27 00:00:00,13.75,13.75,13.869999885559082,13.300000190734863,13.869999885559082,54000.0
2018-09-28 00:00:00,13.800000190734863,13.800000190734863,14.0,13.550000190734863,13.729999542236328,60900.0
2018-10-01 00:00:00,13.75,13.75,13.960000038146973,13.520000457763672,13.800000190734863,20400.0
2018-10-02 00:00:00,13.09000015258789,13.09000015258789,13.680000305175781,13.020000457763672,13.640000343322754,35900.0
2018-10-03 00:00:00,13.210000038146973,13.210000038146973,13.25,13.069999694824219,13.239999771118164,23100.0
2018-10-04 00:00:00,13.1899995803833,13.1899995803833,13.359999656677246,13.079999923706055,13.199999809265137,44500.0
2018-10-05 00:00:00,13.199999809265137,13.199999809265137,13.380000114440918,13.079999923706055,13.149999618530273,39700.0
2018-10-08 00:00:00,12.40999984741211,12.40999984741211,13.229999542236328,12.0,13.100000381469727,286900.0
2018-10-09 00:00:00,12.130000114440918,12.130000114440918,12.4399995803833,12.0,12.229999542236328,84300.0
2018-10-10 00:00:00,11.399999618530273,11.399999618530273,12.079999923706055,11.359999656677246,12.039999961853027,175300.0
2018-10-11 00:00:00,11.470000267028809,11.470000267028809,11.789999961853027,11.15999984741211,11.170000076293945,144700.0
2018-10-12 00:00:00,12.010000228881836,12.010000228881836,12.390000343322754,11.520000457763672,11.65999984741211,91400.0
2018-10-15 00:00:00,11.59000015258789,11.59000015258789,11.930000305175781,11.529999732971191,11.899999618530273,33200.0
2018-10-16 00:00:00,12.239999771118164,12.239999771118164,12.25,11.640000343322754,11.670000076293945,61700.0
2018-10-17 00:00:00,12.479999542236328,12.479999542236328,12.550000190734863,11.850000381469727,12.279999732971191,59900.0
2018-10-18 00:00:00,12.6899995803833,12.6899995803833,12.720000267028809,12.420000076293945,12.5,71000.0
2018-10-19 00:00:00,12.479999542236328,12.479999542236328,12.6899995803833,12.40999984741211,12.579999923706055,58100.0
2018-10-22 00:00:00,12.779999732971191,12.779999732971191,12.84000015258789,12.390000343322754,12.5,38300.0
2018-10-23 00:00:00,12.630000114440918,12.630000114440918,12.699999809265137,12.319999694824219,12.600000381469727,97000.0
2018-10-24 00:00:00,12.619999885559082,12.619999885559082,12.699999809265137,12.270000457763672,12.6899995803833,48400.0
2018-10-25 00:00:00,12.670000076293945,12.670000076293945,12.84000015258789,12.520000457763672,12.699999809265137,30300.0
2018-10-26 00:00:00,12.90999984741211,12.90999984741211,12.90999984741211,12.40999984741211,12.600000381469727,264500.0
2018-10-29 00:00:00,13.199999809265137,13.199999809265137,13.199999809265137,12.619999885559082,12.850000381469727,215500.0
2018-10-30 00:00:00,13.640000343322754,13.640000343322754,14.199999809265137,12.600000381469727,13.220000267028809,1397300.0
2018-10-31 00:00:00,14.75,14.75,14.899999618530273,13.930000305175781,14.25,182600.0
2018-11-01 00:00:00,15.949999809265137,15.949999809265137,15.949999809265137,14.670000076293945,14.800000190734863,268800.0
2018-11-02 00:00:00,15.140000343322754,15.140000343322754,15.930000305175781,15.010000228881836,15.899999618530273,109700.0
2018-11-05 00:00:00,15.0,15.0,15.140000343322754,14.75,14.899999618530273,72400.0
2018-11-06 00:00:00,15.100000381469727,15.100000381469727,15.149999618530273,14.6899995803833,14.930000305175781,106800.0
2018-11-07 00:00:00,14.75,14.75,15.149999618530273,14.729999542236328,15.100000381469727,61900.0
2018-11-08 00:00:00,14.670000076293945,14.670000076293945,14.75,14.350000381469727,14.640000343322754,54600.0
2018-11-09 00:00:00,14.149999618530273,14.149999618530273,14.430000305175781,14.09000015258789,14.40999984741211,53800.0
2018-11-12 00:00:00,13.770000457763672,13.770000457763672,14.260000228881836,13.65999984741211,14.15999984741211,49000.0
2018-11-13 00:00:00,13.760000228881836,13.760000228881836,13.930000305175781,13.600000381469727,13.789999961853027,22000.0
2018-11-14 00:00:00,13.579999923706055,13.579999923706055,14.039999961853027,13.520000457763672,13.880000114440918,37200.0
2018-11-15 00:00:00,14.140000343322754,14.140000343322754,14.329999923706055,13.579999923706055,13.579999923706055,35100.0
2018-11-16 00:00:00,14.050000190734863,14.050000190734863,14.199999809265137,13.800000190734863,13.930000305175781,44900.0
2018-11-19 00:00:00,13.8100004196167,13.8100004196167,14.199999809265137,13.550000190734863,14.199999809265137,49500.0
2018-11-20 00:00:00,13.390000343322754,13.390000343322754,13.619999885559082,13.210000038146973,13.619999885559082,58000.0
2018-11-21 00:00:00,13.960000038146973,13.960000038146973,13.960000038146973,13.550000190734863,13.770000457763672,51500.0
2018-11-23 00:00:00,14.0,14.0,14.300000190734863,13.770000457763672,13.770000457763672,75800.0
2018-11-26 00:00:00,13.920000076293945,13.920000076293945,14.140000343322754,13.800000190734863,14.119999885559082,32100.0
2018-11-27 00:00:00,13.819999694824219,13.819999694824219,14.180000305175781,13.739999771118164,13.739999771118164,29400.0
2018-11-28 00:00:00,14.199999809265137,14.199999809265137,14.220000267028809,13.729999542236328,13.859999656677246,57100.0
2018-11-29 00:00:00,14.130000114440918,14.130000114440918,14.210000038146973,13.979999542236328,14.180000305175781,24700.0
2018-11-30 00:00:00,14.079999923706055,14.079999923706055,14.140000343322754,13.800000190734863,14.109999656677246,24100.0
2018-12-03 00:00:00,14.369999885559082,14.369999885559082,14.369999885559082,13.880000114440918,14.289999961853027,40800.0
2018-12-04 00:00:00,14.25,14.25,14.319999694824219,13.850000381469727,14.319999694824219,50000.0
2018-12-05 00:00:00,,,,,,
2018-12-06 00:00:00,14.0,14.0,14.170000076293945,13.770000457763672,13.770000457763672,69600.0
2018-12-07 00:00:00,14.020000457763672,14.020000457763672,14.130000114440918,13.880000114440918,13.970000267028809,29500.0
2018-12-10 00:00:00,14.140000343322754,14.140000343322754,14.1899995803833,13.630000114440918,13.90999984741211,71700.0
2018-12-11 00:00:00,14.140000343322754,14.140000343322754,14.199999809265137,13.859999656677246,14.15999984741211,41600.0
2018-12-12 00:00:00,14.949999809265137,14.949999809265137,15.100000381469727,14.050000190734863,14.25,195400.0
2018-12-13 00:00:00,14.319999694824219,14.319999694824219,14.949999809265137,14.199999809265137,14.829999923706055,45900.0
2018-12-14 00:00:00,15.670000076293945,15.670000076293945,15.680000305175781,14.300000190734863,14.300000190734863,257800.0
2018-12-17 00:00:00,15.789999961853027,15.789999961853027,15.989999771118164,14.579999923706055,15.5,613000.0
2018-12-18 00:00:00,18.510000228881836,18.510000228881836,18.8700008392334,15.300000190734863,15.5,1229600.0
2018-12-19 00:00:00,20.0,20.0,20.0,17.350000381469727,18.0,575300.0
2018-12-20 00:00:00,19.059999465942383,19.059999465942383,19.219999313354492,17.510000228881836,18.010000228881836,1029900.0
2018-12-21 00:00:00,21.280000686645508,21.280000686645508,21.979999542236328,18.389999389648438,18.600000381469727,2251900.0
2018-12-24 00:00:00,19.799999237060547,19.799999237060547,20.899999618530273,19.68000030517578,20.799999237060547,272400.0
2018-12-26 00:00:00,20.030000686645508,20.030000686645508,20.299999237060547,19.260000228881836,19.549999237060547,196100.0
2018-12-27 00:00:00,20.06999969482422,20.06999969482422,20.700000762939453,19.5,19.860000610351562,363000.0
2018-12-28 00:00:00,20.100000381469727,20.100000381469727,20.389999389648438,19.209999084472656,19.719999313354492,518800.0
2018-12-31 00:00:00,20.030000686645508,20.030000686645508,20.5,19.8799991607666,20.0,217800.0
2019-01-02 00:00:00,20.059999465942383,20.059999465942383,20.350000381469727,19.280000686645508,19.579999923706055,259500.0
2019-01-03 00:00:00,19.899999618530273,19.899999618530273,20.049999237060547,19.31999969482422,19.600000381469727,485700.0
2019-01-04 00:00:00,20.59000015258789,20.59000015258789,21.389999389648438,19.520000457763672,19.770000457763672,1022000.0
2019-01-07 00:00:00,21.09000015258789,21.09000015258789,21.81999969482422,20.0,20.610000610351562,436200.0
2019-01-08 00:00:00,21.489999771118164,21.489999771118164,22.989999771118164,21.010000228881836,21.010000228881836,574800.0
2019-01-09 00:00:00,21.899999618530273,21.899999618530273,22.190000534057617,21.34000015258789,21.549999237060547,288200.0
2019-01-10 00:00:00,18.969999313354492,18.969999313354492,21.540000915527344,16.25,21.520000457763672,1741600.0
2019-01-11 00:00:00,19.489999771118164,19.489999771118164,20.139999389648438,18.520000457763672,18.549999237060547,415300.0
2019-01-14 00:00:00,19.18000030517578,19.18000030517578,19.399999618530273,18.5,18.709999084472656,238500.0
2019-01-15 00:00:00,19.530000686645508,19.530000686645508,20.100000381469727,18.90999984741211,19.15999984741211,249800.0
2019-01-16 00:00:00,18.0,18.0,19.829999923706055,17.5,19.5,279800.0
2019-01-17 00:00:00,17.700000762939453,17.700000762939453,18.270000457763672,17.600000381469727,17.8700008392334,85800.0
2019-01-18 00:00:00,17.59000015258789,17.59000015258789,18.040000915527344,17.489999771118164,17.700000762939453,140300.0
2019-01-22 00:00:00,17.1200008392334,17.1200008392334,17.43000030517578,16.649999618530273,17.309999465942383,271300.0
2019-01-23 00:00:00,17.1200008392334,17.1200008392334,17.440000534057617,16.770000457763672,16.969999313354492,121700.0
2019-01-24 00:00:00,15.760000228881836,15.760000228881836,17.09000015258789,15.479999542236328,17.09000015258789,414300.0
2019-01-25 00:00:00,16.25,16.25,16.510000228881836,15.84000015258789,15.84000015258789,123100.0
2019-01-28 00:00:00,15.470000267028809,15.470000267028809,16.25,15.279999732971191,16.219999313354492,119200.0
2019-01-29 00:00:00,15.5600004196167,15.5600004196167,16.049999237060547,15.5600004196167,15.640000343322754,111100.0
2019-01-30 00:00:00,16.149999618530273,16.149999618530273,16.270000457763672,15.3100004196167,15.579999923706055,85600.0
2019-01-31 00:00:00,16.530000686645508,16.530000686645508,16.81999969482422,16.170000076293945,16.170000076293945,79900.0
2019-02-01 00:00:00,17.0,17.0,17.56999969482422,16.899999618530273,16.979999542236328,228600.0
2019-02-04 00:00:00,16.799999237060547,16.799999237060547,17.260000228881836,16.700000762939453,17.0,109300.0
2019-02-05 00:00:00,17.5,17.5,17.5,16.950000762939453,17.0,139300.0
2019-02-06 00:00:00,17.25,17.25,17.729999542236328,17.110000610351562,17.600000381469727,105900.0
2019-02-07 00:00:00,16.739999771118164,16.739999771118164,17.579999923706055,16.600000381469727,17.299999237060547,87700.0
2019-02-08 00:00:00,16.8799991607666,16.8799991607666,17.040000915527344,16.549999237060547,16.6200008392334,72100.0
2019-02-11 00:00:00,17.34000015258789,17.34000015258789,17.520000457763672,17.0,17.079999923706055,71700.0
2019-02-12 00:00:00,17.56999969482422,17.56999969482422,17.6299991607666,17.149999618530273,17.5,132800.0
2019-02-13 00:00:00,17.479999542236328,17.479999542236328,17.770000457763672,17.40999984741211,17.5,82100.0
2019-02-14 00:00:00,17.729999542236328,17.729999542236328,17.739999771118164,17.360000610351562,17.450000762939453,40600.0
2019-02-15 00:00:00,18.979999542236328,18.979999542236328,19.479999542236328,17.56999969482422,17.829999923706055,408400.0
2019-02-19 00:00:00,18.770000457763672,18.770000457763672,19.5,18.489999771118164,18.950000762939453,150100.0
2019-02-20 00:00:00,19.049999237060547,19.049999237060547,19.100000381469727,18.729999542236328,18.790000915527344,58600.0
2019-02-21 00:00:00,18.280000686645508,18.280000686645508,19.059999465942383,18.079999923706055,19.059999465942383,65100.0
2019-02-22 00:00:00,18.709999084472656,18.709999084472656,18.979999542236328,18.299999237060547,18.299999237060547,63100.0
2019-02-25 00:00:00,19.170000076293945,19.170000076293945,19.3700008392334,18.719999313354492,18.940000534057617,65900.0
2019-02-26 00:00:00,19.270000457763672,19.270000457763672,19.299999237060547,19.010000228881836,19.079999923706055,71500.0
2019-02-27 00:00:00,19.100000381469727,19.100000381469727,19.459999084472656,18.770000457763672,19.1200008392334,68800.0
2019-02-28 00:00:00,19.200000762939453,19.200000762939453,19.290000915527344,18.739999771118164,19.139999389648438,101600.0
2019-03-01 00:00:00,18.889999389648438,18.889999389648438,19.200000762939453,18.59000015258789,19.200000762939453,86700.0
2019-03-04 00:00:00,18.3799991607666,18.3799991607666,18.899999618530273,18.149999618530273,18.8700008392334,106200.0
2019-03-05 00:00:00,18.440000534057617,18.440000534057617,18.610000610351562,17.899999618530273,18.299999237060547,97400.0
2019-03-06 00:00:00,16.040000915527344,16.040000915527344,17.579999923706055,16.0,17.489999771118164,430000.0
2019-03-07 00:00:00,15.020000457763672,15.020000457763672,16.030000686645508,15.020000457763672,15.880000114440918,248100.0
2019-03-08 00:00:00,15.100000381469727,15.100000381469727,15.430000305175781,14.65999984741211,15.0,158700.0
2019-03-11 00:00:00,15.699999809265137,15.699999809265137,15.84000015258789,15.100000381469727,15.15999984741211,83700.0
2019-03-12 00:00:00,15.6899995803833,15.6899995803833,15.899999618530273,15.5,15.8100004196167,93900.0
2019-03-13 00:00:00,15.279999732971191,15.279999732971191,15.970000267028809,15.0,15.680000305175781,165700.0
2019-03-14 00:00:00,16.25,16.25,16.459999084472656,15.279999732971191,15.289999961853027,177500.0
2019-03-15 00:00:00,15.579999923706055,15.579999923706055,16.389999389648438,15.300000190734863,16.389999389648438,518600.0
2019-03-18 00:00:00,16.1200008392334,16.1200008392334,16.260000228881836,15.489999771118164,15.699999809265137,82700.0
2019-03-19 00:00:00,17.229999542236328,17.229999542236328,17.479999542236328,16.1200008392334,16.149999618530273,260500.0
2019-03-20 00:00:00,16.84000015258789,16.84000015258789,17.40999984741211,16.65999984741211,17.200000762939453,82300.0
2019-03-21 00:00:00,17.139999389648438,17.139999389648438,17.15999984741211,16.809999465942383,16.809999465942383,54800.0
2019-03-22 00:00:00,16.270000457763672,16.270000457763672,17.030000686645508,16.200000762939453,17.0,62300.0
2019-03-25 00:00:00,16.350000381469727,16.350000381469727,16.579999923706055,16.049999237060547,16.299999237060547,96200.0
2019-03-26 00:00:00,16.18000030517578,16.18000030517578,16.690000534057617,15.800000190734863,16.510000228881836,91500.0
2019-03-27 00:00:00,15.4399995803833,15.4399995803833,16.110000610351562,15.220000267028809,16.110000610351562,194500.0
2019-03-28 00:00:00,15.579999923706055,15.579999923706055,15.899999618530273,15.399999618530273,15.5,70300.0
2019-03-29 00:00:00,15.739999771118164,15.739999771118164,15.979999542236328,15.710000038146973,15.739999771118164,99400.0
2019-04-01 00:00:00,15.699999809265137,15.699999809265137,15.899999618530273,15.539999961853027,15.850000381469727,61100.0
2019-04-02 00:00:00,16.110000610351562,16.110000610351562,16.190000534057617,15.5600004196167,15.699999809265137,73900.0
2019-04-03 00:00:00,16.770000457763672,16.770000457763672,16.950000762939453,16.110000610351562,16.260000228881836,92600.0
2019-04-04 00:00:00,16.75,16.75,16.780000686645508,16.399999618530273,16.780000686645508,79000.0
2019-04-05 00:00:00,17.1299991607666,17.1299991607666,17.25,16.729999542236328,16.799999237060547,97500.0
2019-04-08 00:00:00,16.739999771118164,16.739999771118164,17.1299991607666,16.209999084472656,17.1299991607666,46800.0
2019-04-09 00:00:00,16.760000228881836,16.760000228881836,17.049999237060547,16.649999618530273,16.90999984741211,55600.0
2019-04-10 00:00:00,16.6200008392334,16.6200008392334,16.969999313354492,16.540000915527344,16.799999237060547,37300.0
2019-04-11 00:00:00,16.719999313354492,16.719999313354492,16.799999237060547,16.3700008392334,16.68000030517578,34900.0
2019-04-12 00:00:00,16.399999618530273,16.399999618530273,16.790000915527344,16.3799991607666,16.780000686645508,33800.0
2019-04-15 00:00:00,16.799999237060547,16.799999237060547,17.200000762939453,16.5,16.5,103000.0
2019-04-16 00:00:00,17.15999984741211,17.15999984741211,17.209999084472656,16.93000030517578,16.93000030517578,53200.0
2019-04-17 00:00:00,17.18000030517578,17.18000030517578,17.209999084472656,16.969999313354492,17.200000762939453,51800.0
2019-04-18 00:00:00,17.09000015258789,17.09000015258789,17.200000762939453,16.940000534057617,17.18000030517578,46100.0
2019-04-22 00:00:00,17.200000762939453,17.200000762939453,17.25,16.899999618530273,16.979999542236328,84900.0
2019-04-23 00:00:00,17.1299991607666,17.1299991607666,17.239999771118164,17.09000015258789,17.170000076293945,44700.0
2019-04-24 00:00:00,17.700000762939453,17.700000762939453,17.700000762939453,17.100000381469727,17.15999984741211,114500.0
2019-04-25 00:00:00,16.530000686645508,16.530000686645508,17.6200008392334,16.389999389648438,17.59000015258789,77700.0
2019-04-26 00:00:00,16.549999237060547,16.549999237060547,16.889999389648438,16.239999771118164,16.459999084472656,67500.0
2019-04-29 00:00:00,16.700000762939453,16.700000762939453,16.75,16.309999465942383,16.6299991607666,99100.0
2019-04-30 00:00:00,16.65999984741211,16.65999984741211,16.90999984741211,16.209999084472656,16.56999969482422,61500.0
2019-05-01 00:00:00,16.239999771118164,16.239999771118164,16.700000762939453,16.1299991607666,16.639999389648438,45700.0
2019-05-02 00:00:00,16.219999313354492,16.219999313354492,16.329999923706055,16.100000381469727,16.1200008392334,37300.0
2019-05-03 00:00:00,16.600000381469727,16.600000381469727,16.760000228881836,16.149999618530273,16.31999969482422,33000.0
2019-05-06 00:00:00,16.65999984741211,16.65999984741211,16.729999542236328,16.200000762939453,16.200000762939453,71600.0
2019-05-07 00:00:00,16.989999771118164,16.989999771118164,17.030000686645508,16.350000381469727,16.520000457763672,75300.0
2019-05-08 00:00:00,16.049999237060547,16.049999237060547,17.030000686645508,16.049999237060547,17.0,55700.0
2019-05-09 00:00:00,15.350000381469727,15.350000381469727,16.170000076293945,15.3100004196167,16.049999237060547,154400.0
2019-05-10 00:00:00,15.850000381469727,15.850000381469727,16.020000457763672,15.220000267028809,15.3100004196167,44000.0
2019-05-13 00:00:00,15.239999771118164,15.239999771118164,15.649999618530273,15.1899995803833,15.569999694824219,41800.0
2019-05-14 00:00:00,15.300000190734863,15.300000190734863,15.600000381469727,15.300000190734863,15.329999923706055,34500.0
2019-05-15 00:00:00,15.199999809265137,15.199999809265137,15.729999542236328,15.199999809265137,15.300000190734863,61700.0
2019-05-16 00:00:00,16.18000030517578,16.18000030517578,16.200000762939453,15.260000228881836,15.260000228881836,55100.0
2019-05-17 00:00:00,15.6899995803833,15.6899995803833,16.170000076293945,15.630000114440918,15.949999809265137,24200.0
2019-05-20 00:00:00,15.600000381469727,15.600000381469727,15.670000076293945,15.40999984741211,15.670000076293945,26800.0
2019-05-21 00:00:00,15.859999656677246,15.859999656677246,16.0,15.550000190734863,15.600000381469727,32600.0
2019-05-22 00:00:00,15.84000015258789,15.84000015258789,15.920000076293945,15.5600004196167,15.829999923706055,15000.0
2019-05-23 00:00:00,15.770000457763672,15.770000457763672,15.869999885559082,15.460000038146973,15.819999694824219,62600.0
2019-05-24 00:00:00,15.800000190734863,15.800000190734863,16.190000534057617,15.720000267028809,15.869999885559082,41900.0
2019-05-28 00:00:00,16.31999969482422,16.31999969482422,16.3700008392334,15.789999961853027,15.789999961853027,34800.0
2019-05-29 00:00:00,15.680000305175781,15.680000305175781,16.360000610351562,15.680000305175781,16.309999465942383,33900.0
2019-05-30 00:00:00,15.890000343322754,15.890000343322754,16.139999389648438,15.6899995803833,15.8100004196167,36300.0
2019-05-31 00:00:00,14.8100004196167,14.8100004196167,15.899999618530273,14.729999542236328,15.770000457763672,128900.0
2019-06-03 00:00:00,14.399999618530273,14.399999618530273,14.869999885559082,14.289999961853027,14.869999885559082,67400.0
2019-06-04 00:00:00,14.760000228881836,14.760000228881836,14.930000305175781,14.289999961853027,14.630000114440918,93400.0
2019-06-05 00:00:00,14.9399995803833,14.9399995803833,15.0,14.539999961853027,14.829999923706055,35100.0
2019-06-06 00:00:00,14.880000114440918,14.880000114440918,15.25,13.5600004196167,15.0,130100.0
2019-06-07 00:00:00,14.630000114440918,14.630000114440918,15.109999656677246,14.539999961853027,15.010000228881836,56500.0
2019-06-10 00:00:00,14.670000076293945,14.670000076293945,14.920000076293945,14.539999961853027,14.729999542236328,36300.0
2019-06-11 00:00:00,15.100000381469727,15.100000381469727,15.229999542236328,14.760000228881836,14.890000343322754,95500.0
2019-06-12 00:00:00,15.130000114440918,15.130000114440918,15.470000267028809,14.970000267028809,15.4399995803833,43900.0
2019-06-13 00:00:00,15.069999694824219,15.069999694824219,15.319999694824219,14.699999809265137,15.170000076293945,58300.0
2019-06-14 00:00:00,15.880000114440918,15.880000114440918,15.989999771118164,15.140000343322754,15.140000343322754,75200.0
2019-06-17 00:00:00,16.260000228881836,16.260000228881836,16.399999618530273,15.550000190734863,15.550000190734863,128000.0
2019-06-18 00:00:00,16.459999084472656,16.459999084472656,17.0,16.190000534057617,16.420000076293945,96200.0
2019-06-19 00:00:00,16.6200008392334,16.6200008392334,16.690000534057617,15.880000114440918,16.459999084472656,25600.0
2019-06-20 00:00:00,17.969999313354492,17.969999313354492,18.149999618530273,16.889999389648438,16.899999618530273,151400.0
2019-06-21 00:00:00,18.40999984741211,18.40999984741211,19.0,17.040000915527344,17.84000015258789,541800.0
2019-06-24 00:00:00,18.1299991607666,18.1299991607666,18.75,18.079999923706055,18.600000381469727,125100.0
2019-06-25 00:00:00,17.979999542236328,17.979999542236328,18.40999984741211,17.219999313354492,18.059999465942383,93500.0
2019-06-26 00:00:00,17.489999771118164,17.489999771118164,17.979999542236328,17.420000076293945,17.8700008392334,66500.0
2019-06-27 00:00:00,18.309999465942383,18.309999465942383,18.399999618530273,17.469999313354492,17.610000610351562,78800.0
2019-06-28 00:00:00,19.520000457763672,19.520000457763672,19.649999618530273,18.229999542236328,18.299999237060547,1496100.0
2019-07-01 00:00:00,18.84000015258789,18.84000015258789,19.5,18.510000228881836,19.5,106800.0
2019-07-02 00:00:00,17.350000381469727,17.350000381469727,18.559999465942383,17.100000381469727,18.309999465942383,162600.0
2019-07-03 00:00:00,17.200000762939453,17.200000762939453,17.389999389648438,17.030000686645508,17.280000686645508,37800.0
2019-07-05 00:00:00,17.5,17.5,17.510000228881836,16.770000457763672,17.200000762939453,63100.0
2019-07-08 00:00:00,18.209999084472656,18.209999084472656,18.899999618530273,17.459999084472656,17.459999084472656,163000.0
2019-07-09 00:00:00,18.729999542236328,18.729999542236328,18.729999542236328,17.8700008392334,17.8700008392334,147300.0
2019-07-10 00:00:00,18.299999237060547,18.299999237060547,19.010000228881836,18.040000915527344,18.639999389648438,62100.0
2019-07-11 00:00:00,18.719999313354492,18.719999313354492,18.760000228881836,17.899999618530273,18.389999389648438,72100.0
2019-07-12 00:00:00,18.520000457763672,18.520000457763672,18.84000015258789,18.209999084472656,18.829999923706055,76700.0
2019-07-15 00:00:00,18.559999465942383,18.559999465942383,18.799999237060547,18.1200008392334,18.270000457763672,59000.0
2019-07-16 00:00:00,18.969999313354492,18.969999313354492,19.280000686645508,18.360000610351562,18.700000762939453,75600.0
2019-07-17 00:00:00,18.790000915527344,18.790000915527344,18.920000076293945,18.40999984741211,18.729999542236328,44400.0
2019-07-18 00:00:00,18.489999771118164,18.489999771118164,18.860000610351562,18.079999923706055,18.6299991607666,46700.0
2019-07-19 00:00:00,18.149999618530273,18.149999618530273,18.5,18.020000457763672,18.5,56300.0
2019-07-22 00:00:00,18.8799991607666,18.8799991607666,19.1299991607666,18.18000030517578,18.209999084472656,121700.0
2019-07-23 00:00:00,19.270000457763672,19.270000457763672,19.469999313354492,18.56999969482422,18.81999969482422,59700.0
2019-07-24 00:00:00,19.329999923706055,19.329999923706055,19.450000762939453,18.950000762939453,19.0,58500.0
2019-07-25 00:00:00,19.780000686645508,19.780000686645508,20.280000686645508,18.860000610351562,19.139999389648438,258100.0
2019-07-26 00:00:00,20.049999237060547,20.049999237060547,20.270000457763672,18.809999465942383,19.280000686645508,144300.0
2019-07-29 00:00:00,20.0,20.0,20.06999969482422,19.479999542236328,19.799999237060547,81000.0
2019-07-30 00:00:00,19.719999313354492,19.719999313354492,19.809999465942383,19.170000076293945,19.649999618530273,124800.0
2019-07-31 00:00:00,19.389999389648438,19.389999389648438,20.110000610351562,19.229999542236328,19.770000457763672,87900.0
2019-08-01 00:00:00,20.270000457763672,20.270000457763672,20.40999984741211,19.209999084472656,19.350000381469727,138300.0
2019-08-02 00:00:00,18.93000030517578,18.93000030517578,20.0,18.81999969482422,19.950000762939453,78600.0
2019-08-05 00:00:00,18.889999389648438,18.889999389648438,18.950000762939453,18.09000015258789,18.760000228881836,149300.0
2019-08-06 00:00:00,17.65999984741211,17.65999984741211,18.5,16.520000457763672,18.020000457763672,175100.0
2019-08-07 00:00:00,17.8799991607666,17.8799991607666,18.579999923706055,17.5,17.549999237060547,90900.0
2019-08-08 00:00:00,17.899999618530273,17.899999618530273,18.020000457763672,16.93000030517578,17.350000381469727,233400.0
2019-08-09 00:00:00,17.75,17.75,18.350000381469727,17.260000228881836,18.06999969482422,176700.0
2019-08-12 00:00:00,17.790000915527344,17.790000915527344,18.06999969482422,17.360000610351562,17.56999969482422,34000.0
2019-08-13 00:00:00,17.950000762939453,17.950000762939453,18.3700008392334,17.5,17.530000686645508,49000.0
2019-08-14 00:00:00,17.56999969482422,17.56999969482422,17.959999084472656,17.18000030517578,17.899999618530273,112500.0
2019-08-15 00:00:00,17.40999984741211,17.40999984741211,17.920000076293945,17.239999771118164,17.440000534057617,78900.0
2019-08-16 00:00:00,17.93000030517578,17.93000030517578,18.3799991607666,17.299999237060547,17.530000686645508,119800.0
2019-08-19 00:00:00,18.450000762939453,18.450000762939453,18.84000015258789,18.010000228881836,18.34000015258789,185900.0
2019-08-20 00:00:00,18.290000915527344,18.290000915527344,18.670000076293945,17.969999313354492,18.3799991607666,61400.0
2019-08-21 00:00:00,19.0,19.0,19.09000015258789,18.3799991607666,18.489999771118164,79700.0
2019-08-22 00:00:00,19.190000534057617,19.190000534057617,19.459999084472656,18.700000762939453,19.030000686645508,37300.0
2019-08-23 00:00:00,19.399999618530273,19.399999618530273,19.440000534057617,18.809999465942383,19.1200008392334,66400.0
2019-08-26 00:00:00,19.440000534057617,19.440000534057617,19.75,19.209999084472656,19.309999465942383,75300.0
2019-08-27 00:00:00,19.18000030517578,19.18000030517578,19.920000076293945,19.110000610351562,19.459999084472656,111500.0
2019-08-28 00:00:00,19.3799991607666,19.3799991607666,19.459999084472656,18.84000015258789,18.889999389648438,61200.0
2019-08-29 00:00:00,19.75,19.75,20.049999237060547,19.350000381469727,19.350000381469727,104700.0
2019-08-30 00:00:00,19.65999984741211,19.65999984741211,19.889999389648438,19.420000076293945,19.889999389648438,78200.0
2019-09-03 00:00:00,19.799999237060547,19.799999237060547,20.280000686645508,19.299999237060547,19.5,88300.0
2019-09-04 00:00:00,19.15999984741211,19.15999984741211,20.06999969482422,19.010000228881836,19.799999237060547,72900.0
2019-09-05 00:00:00,18.860000610351562,18.860000610351562,19.420000076293945,18.350000381469727,19.219999313354492,55800.0
2019-09-06 00:00:00,18.799999237060547,18.799999237060547,19.389999389648438,18.459999084472656,18.860000610351562,42100.0
2019-09-09 00:00:00,18.68000030517578,18.68000030517578,18.979999542236328,18.40999984741211,18.860000610351562,34600.0
2019-09-10 00:00:00,18.0,18.0,18.709999084472656,17.889999389648438,18.5,66200.0
2019-09-11 00:00:00,18.520000457763672,18.520000457763672,19.399999618530273,18.049999237060547,18.110000610351562,82500.0
2019-09-12 00:00:00,18.790000915527344,18.790000915527344,19.329999923706055,18.530000686645508,18.530000686645508,40200.0
2019-09-13 00:00:00,17.889999389648438,17.889999389648438,18.469999313354492,17.510000228881836,18.469999313354492,76600.0
2019-09-16 00:00:00,17.979999542236328,17.979999542236328,18.329999923706055,17.729999542236328,17.729999542236328,57100.0
2019-09-17 00:00:00,18.139999389648438,18.139999389648438,18.270000457763672,17.809999465942383,17.809999465942383,29300.0
2019-09-18 00:00:00,17.8700008392334,17.8700008392334,18.190000534057617,16.709999084472656,18.0,268600.0
2019-09-19 00:00:00,17.700000762939453,17.700000762939453,18.0,17.459999084472656,17.850000381469727,98900.0
2019-09-20 00:00:00,18.020000457763672,18.020000457763672,18.18000030517578,17.56999969482422,17.75,406700.0
2019-09-23 00:00:00,18.770000457763672,18.770000457763672,18.989999771118164,17.700000762939453,17.790000915527344,54800.0
2019-09-24 00:00:00,18.479999542236328,18.479999542236328,18.979999542236328,18.18000030517578,18.940000534057617,63100.0
2019-09-25 00:00:00,18.729999542236328,18.729999542236328,19.049999237060547,18.059999465942383,18.520000457763672,48700.0
2019-09-26 00:00:00,19.1299991607666,19.1299991607666,19.3799991607666,18.3799991607666,18.850000381469727,59100.0
2019-09-27 00:00:00,18.190000534057617,18.190000534057617,19.350000381469727,18.049999237060547,19.149999618530273,87600.0
2019-09-30 00:00:00,18.479999542236328,18.479999542236328,18.700000762939453,18.030000686645508,18.15999984741211,81300.0
2019-10-01 00:00:00,18.350000381469727,18.350000381469727,18.709999084472656,18.309999465942383,18.40999984741211,43300.0
2019-10-02 00:00:00,18.219999313354492,18.219999313354492,18.610000610351562,18.079999923706055,18.260000228881836,60800.0
2019-10-03 00:00:00,18.200000762939453,18.200000762939453,18.829999923706055,18.0,18.299999237060547,39100.0
2019-10-04 00:00:00,18.3799991607666,18.3799991607666,18.56999969482422,18.200000762939453,18.25,27000.0
2019-10-07 00:00:00,18.360000610351562,18.360000610351562,18.5,18.149999618530273,18.329999923706055,33900.0
2019-10-08 00:00:00,17.670000076293945,17.670000076293945,18.459999084472656,17.530000686645508,18.18000030517578,61300.0
2019-10-09 00:00:00,17.790000915527344,17.790000915527344,18.200000762939453,17.770000457763672,17.860000610351562,36000.0
2019-10-10 00:00:00,18.030000686645508,18.030000686645508,18.059999465942383,17.600000381469727,17.81999969482422,24900.0
2019-10-11 00:00:00,18.549999237060547,18.549999237060547,18.8799991607666,18.190000534057617,18.190000534057617,40100.0
2019-10-14 00:00:00,19.950000762939453,19.950000762939453,19.950000762939453,18.639999389648438,18.639999389648438,97700.0
2019-10-15 00:00:00,19.510000228881836,19.510000228881836,19.940000534057617,19.0,19.940000534057617,54900.0
2019-10-16 00:00:00,19.079999923706055,19.079999923706055,19.399999618530273,18.829999923706055,19.34000015258789,23300.0
2019-10-17 00:00:00,19.479999542236328,19.479999542236328,19.579999923706055,19.049999237060547,19.06999969482422,52200.0
2019-10-18 00:00:00,18.399999618530273,18.399999618530273,19.34000015258789,18.3700008392334,19.290000915527344,32500.0
2019-10-21 00:00:00,18.979999542236328,18.979999542236328,19.0,18.329999923706055,18.399999618530273,46600.0
2019-10-22 00:00:00,18.6299991607666,18.6299991607666,19.0,18.399999618530273,18.81999969482422,37800.0
2019-10-23 00:00:00,18.479999542236328,18.479999542236328,19.09000015258789,18.440000534057617,18.489999771118164,45400.0
2019-10-24 00:00:00,19.209999084472656,19.209999084472656,19.40999984741211,18.6299991607666,18.6299991607666,51400.0
2019-10-25 00:00:00,19.829999923706055,19.829999923706055,19.850000381469727,18.899999618530273,19.290000915527344,64300.0
2019-10-28 00:00:00,19.489999771118164,19.489999771118164,19.799999237060547,19.43000030517578,19.719999313354492,35200.0
2019-10-29 00:00:00,19.360000610351562,19.360000610351562,19.700000762939453,19.260000228881836,19.329999923706055,54100.0
2019-10-30 00:00:00,19.479999542236328,19.479999542236328,19.530000686645508,19.020000457763672,19.43000030517578,35900.0
2019-10-31 00:00:00,19.09000015258789,19.09000015258789,19.309999465942383,17.600000381469727,19.309999465942383,68700.0
2019-11-01 00:00:00,20.139999389648438,20.139999389648438,20.239999771118164,18.670000076293945,19.030000686645508,66900.0
2019-11-04 00:00:00,19.530000686645508,19.530000686645508,19.989999771118164,19.510000228881836,19.510000228881836,60100.0
2019-11-05 00:00:00,19.510000228881836,19.510000228881836,19.84000015258789,19.34000015258789,19.34000015258789,845700.0
2019-11-06 00:00:00,19.639999389648438,19.639999389648438,19.93000030517578,19.489999771118164,19.649999618530273,61100.0
2019-11-07 00:00:00,19.709999084472656,19.709999084472656,19.770000457763672,19.40999984741211,19.469999313354492,46200.0
2019-11-08 00:00:00,19.8700008392334,19.8700008392334,19.959999084472656,19.540000915527344,19.729999542236328,28500.0
2019-11-11 00:00:00,19.260000228881836,19.260000228881836,20.200000762939453,19.260000228881836,19.389999389648438,143300.0
2019-11-12 00:00:00,19.31999969482422,19.31999969482422,19.809999465942383,19.270000457763672,19.280000686645508,50700.0
2019-11-13 00:00:00,18.149999618530273,18.149999618530273,19.200000762939453,18.149999618530273,19.110000610351562,142300.0
2019-11-14 00:00:00,17.170000076293945,17.170000076293945,18.3700008392334,17.15999984741211,18.270000457763672,141900.0
2019-11-15 00:00:00,17.75,17.75,17.899999618530273,17.170000076293945,17.260000228881836,51400.0
2019-11-18 00:00:00,17.799999237060547,17.799999237060547,17.979999542236328,17.649999618530273,17.790000915527344,55800.0
2019-11-19 00:00:00,17.110000610351562,17.110000610351562,17.969999313354492,17.100000381469727,17.8799991607666,180900.0
2019-11-20 00:00:00,16.920000076293945,16.920000076293945,17.31999969482422,16.260000228881836,17.100000381469727,212200.0
2019-11-21 00:00:00,17.280000686645508,17.280000686645508,17.399999618530273,17.0,17.0,39200.0
2019-11-22 00:00:00,17.40999984741211,17.40999984741211,17.5,17.170000076293945,17.360000610351562,16100.0
2019-11-25 00:00:00,17.489999771118164,17.489999771118164,17.829999923706055,17.360000610351562,17.540000915527344,48600.0
2019-11-26 00:00:00,17.31999969482422,17.31999969482422,17.600000381469727,17.229999542236328,17.520000457763672,30900.0
2019-11-27 00:00:00,17.260000228881836,17.260000228881836,17.520000457763672,17.209999084472656,17.25,74700.0
2019-11-28 00:00:00,,,,,,
2019-11-29 00:00:00,17.670000076293945,17.670000076293945,17.84000015258789,17.110000610351562,17.200000762939453,18300.0
2019-12-02 00:00:00,16.899999618530273,16.899999618530273,17.75,16.81999969482422,17.75,57500.0
2019-12-03 00:00:00,16.510000228881836,16.510000228881836,17.0,16.31999969482422,17.0,76600.0
2019-12-04 00:00:00,16.469999313354492,16.469999313354492,16.690000534057617,16.420000076293945,16.670000076293945,62200.0
2019-12-05 00:00:00,16.360000610351562,16.360000610351562,16.729999542236328,16.309999465942383,16.420000076293945,73200.0
2019-12-06 00:00:00,16.25,16.25,16.5,16.15999984741211,16.479999542236328,72700.0
2019-12-09 00:00:00,17.579999923706055,17.579999923706055,17.639999389648438,16.450000762939453,16.68000030517578,207900.0
2019-12-10 00:00:00,17.81999969482422,17.81999969482422,18.200000762939453,17.700000762939453,17.989999771118164,74700.0
2019-12-11 00:00:00,18.1299991607666,18.1299991607666,18.239999771118164,17.690000534057617,18.139999389648438,48900.0
2019-12-12 00:00:00,18.139999389648438,18.139999389648438,18.360000610351562,17.969999313354492,18.1299991607666,74000.0
2019-12-13 00:00:00,18.639999389648438,18.639999389648438,18.799999237060547,17.969999313354492,18.299999237060547,71600.0
2019-12-16 00:00:00,18.770000457763672,18.770000457763672,18.8700008392334,18.43000030517578,18.860000610351562,69800.0
2019-12-17 00:00:00,18.850000381469727,18.850000381469727,18.989999771118164,18.5,18.989999771118164,46400.0
2019-12-18 00:00:00,18.989999771118164,18.989999771118164,19.1200008392334,18.5,18.799999237060547,95700.0
2019-12-19 00:00:00,19.170000076293945,19.170000076293945,19.209999084472656,18.68000030517578,19.049999237060547,63700.0
2019-12-20 00:00:00,19.139999389648438,19.139999389648438,19.440000534057617,18.75,19.270000457763672,253200.0
2019-12-23 00:00:00,19.110000610351562,19.110000610351562,19.299999237060547,18.670000076293945,19.200000762939453,46900.0
2019-12-24 00:00:00,18.90999984741211,18.90999984741211,19.18000030517578,18.84000015258789,19.149999618530273,26900.0
2019-12-26 00:00:00,18.68000030517578,18.68000030517578,18.959999084472656,18.5,18.84000015258789,19700.0
2019-12-27 00:00:00,18.530000686645508,18.530000686645508,18.799999237060547,18.350000381469727,18.670000076293945,39900.0
2019-12-30 00:00:00,18.399999618530273,18.399999618530273,18.770000457763672,18.25,18.520000457763672,43400.0
2019-12-31 00:00:00,18.309999465942383,18.309999465942383,18.760000228881836,18.239999771118164,18.350000381469727,92300.0
2020-01-02 00:00:00,18.610000610351562,18.610000610351562,18.68000030517578,18.399999618530273,18.469999313354492,45400.0
2020-01-03 00:00:00,18.299999237060547,18.299999237060547,18.739999771118164,18.239999771118164,18.43000030517578,96200.0
2020-01-06 00:00:00,18.260000228881836,18.260000228881836,18.399999618530273,18.110000610351562,18.1299991607666,51200.0
2020-01-07 00:00:00,18.510000228881836,18.510000228881836,18.6200008392334,18.06999969482422,18.260000228881836,35700.0
2020-01-08 00:00:00,19.09000015258789,19.09000015258789,19.09000015258789,18.479999542236328,18.479999542236328,29400.0
2020-01-09 00:00:00,19.200000762939453,19.200000762939453,19.329999923706055,19.010000228881836,19.190000534057617,36600.0
2020-01-10 00:00:00,19.020000457763672,19.020000457763672,19.25,18.239999771118164,18.34000015258789,60300.0
2020-01-13 00:00:00,19.100000381469727,19.100000381469727,19.25,18.719999313354492,18.719999313354492,48600.0
2020-01-14 00:00:00,19.350000381469727,19.350000381469727,19.489999771118164,18.899999618530273,19.190000534057617,63600.0
2020-01-15 00:00:00,19.010000228881836,19.010000228881836,19.420000076293945,18.6299991607666,19.190000534057617,110600.0
2020-01-16 00:00:00,18.780000686645508,18.780000686645508,19.219999313354492,18.729999542236328,18.950000762939453,81300.0
2020-01-17 00:00:00,18.959999084472656,18.959999084472656,19.020000457763672,18.479999542236328,18.84000015258789,77200.0
2020-01-21 00:00:00,18.979999542236328,18.979999542236328,19.079999923706055,18.81999969482422,18.959999084472656,30500.0
2020-01-22 00:00:00,18.739999771118164,18.739999771118164,19.110000610351562,18.739999771118164,18.979999542236328,38300.0
2020-01-23 00:00:00,18.780000686645508,18.780000686645508,18.8799991607666,18.520000457763672,18.530000686645508,47900.0
2020-01-24 00:00:00,19.260000228881836,19.260000228881836,19.299999237060547,18.6200008392334,18.6200008392334,72200.0
2020-01-27 00:00:00,18.34000015258789,18.34000015258789,18.899999618530273,18.34000015258789,18.75,16800.0
2020-01-28 00:00:00,18.81999969482422,18.81999969482422,18.81999969482422,18.3700008392334,18.540000915527344,26700.0
2020-01-29 00:00:00,18.469999313354492,18.469999313354492,18.81999969482422,18.469999313354492,18.790000915527344,16500.0
2020-01-30 00:00:00,18.610000610351562,18.610000610351562,18.6200008392334,18.110000610351562,18.110000610351562,27200.0
2020-01-31 00:00:00,18.18000030517578,18.18000030517578,18.540000915527344,18.0,18.43000030517578,70000.0
2020-02-03 00:00:00,18.270000457763672,18.270000457763672,18.420000076293945,18.200000762939453,18.25,41700.0
2020-02-04 00:00:00,18.5,18.5,18.649999618530273,18.31999969482422,18.510000228881836,18000.0
2020-02-05 00:00:00,19.100000381469727,19.100000381469727,19.100000381469727,18.31999969482422,18.6200008392334,45000.0
2020-02-06 00:00:00,19.030000686645508,19.030000686645508,19.139999389648438,18.600000381469727,19.040000915527344,21000.0
2020-02-07 00:00:00,18.1200008392334,18.1200008392334,18.81999969482422,18.1200008392334,18.81999969482422,20200.0
2020-02-10 00:00:00,18.75,18.75,18.75,18.1200008392334,18.1200008392334,25000.0
2020-02-11 00:00:00,19.049999237060547,19.049999237060547,19.049999237060547,18.75,18.950000762939453,30800.0
2020-02-12 00:00:00,19.670000076293945,19.670000076293945,19.75,19.0,19.100000381469727,112700.0
2020-02-13 00:00:00,19.43000030517578,19.43000030517578,19.739999771118164,18.010000228881836,19.360000610351562,39100.0
2020-02-14 00:00:00,19.520000457763672,19.520000457763672,19.760000228881836,19.149999618530273,19.200000762939453,37400.0
2020-02-18 00:00:00,18.84000015258789,18.84000015258789,19.510000228881836,18.760000228881836,19.170000076293945,47700.0
2020-02-19 00:00:00,19.6200008392334,19.6200008392334,19.649999618530273,18.889999389648438,18.889999389648438,48000.0
2020-02-20 00:00:00,19.799999237060547,19.799999237060547,19.799999237060547,19.030000686645508,19.75,39600.0
2020-02-21 00:00:00,19.25,19.25,19.450000762939453,19.010000228881836,19.1299991607666,61100.0
2020-02-24 00:00:00,19.0,19.0,19.0,18.40999984741211,18.5,40200.0
2020-02-25 00:00:00,17.93000030517578,17.93000030517578,18.989999771118164,17.829999923706055,18.649999618530273,100400.0
2020-02-26 00:00:00,17.0,17.0,18.020000457763672,17.0,17.75,103400.0
2020-02-27 00:00:00,17.239999771118164,17.239999771118164,17.31999969482422,16.3700008392334,16.969999313354492,156900.0
2020-02-28 00:00:00,16.540000915527344,16.540000915527344,16.959999084472656,16.299999237060547,16.299999237060547,65200.0
2020-03-02 00:00:00,17.360000610351562,17.360000610351562,17.40999984741211,16.459999084472656,16.520000457763672,72200.0
2020-03-03 00:00:00,16.959999084472656,16.959999084472656,17.8700008392334,16.959999084472656,17.8700008392334,44000.0
2020-03-04 00:00:00,16.25,16.25,17.15999984741211,16.010000228881836,16.969999313354492,81700.0
2020-03-05 00:00:00,15.199999809265137,15.199999809265137,16.100000381469727,15.0,16.100000381469727,99500.0
2020-03-06 00:00:00,14.300000190734863,14.300000190734863,15.199999809265137,14.140000343322754,15.0,120500.0
2020-03-09 00:00:00,13.029999732971191,13.029999732971191,14.130000114440918,13.010000228881836,14.100000381469727,101000.0
2020-03-10 00:00:00,14.380000114440918,14.380000114440918,14.520000457763672,13.5,13.579999923706055,87900.0
2020-03-11 00:00:00,13.710000038146973,13.710000038146973,14.119999885559082,13.210000038146973,13.989999771118164,67900.0
2020-03-12 00:00:00,12.25,12.25,13.3100004196167,12.140000343322754,13.010000228881836,70100.0
2020-03-13 00:00:00,12.949999809265137,12.949999809265137,13.220000267028809,12.420000076293945,12.760000228881836,59500.0
2020-03-16 00:00:00,12.069999694824219,12.069999694824219,12.1899995803833,10.649999618530273,11.800000190734863,85900.0
2020-03-17 00:00:00,14.140000343322754,14.140000343322754,14.140000343322754,11.75,11.75,109300.0
2020-03-18 00:00:00,12.84000015258789,12.84000015258789,14.020000457763672,12.5,12.739999771118164,46900.0
2020-03-19 00:00:00,14.390000343322754,14.390000343322754,14.869999885559082,12.949999809265137,12.989999771118164,40800.0
2020-03-20 00:00:00,15.600000381469727,15.600000381469727,15.770000457763672,14.479999542236328,14.5,111100.0
2020-03-23 00:00:00,14.430000305175781,14.430000305175781,15.199999809265137,14.170000076293945,14.510000228881836,65400.0
2020-03-24 00:00:00,15.029999732971191,15.029999732971191,15.770000457763672,14.800000190734863,15.699999809265137,33000.0
2020-03-25 00:00:00,14.510000228881836,14.510000228881836,15.3100004196167,14.359999656677246,15.180000305175781,71700.0
2020-03-26 00:00:00,14.899999618530273,14.899999618530273,15.25,14.640000343322754,14.670000076293945,57400.0
2020-03-27 00:00:00,14.729999542236328,14.729999542236328,15.180000305175781,14.520000457763672,14.520000457763672,56100.0
2020-03-30 00:00:00,15.850000381469727,15.850000381469727,15.850000381469727,14.550000190734863,14.899999618530273,47100.0
2020-03-31 00:00:00,18.56999969482422,18.56999969482422,19.309999465942383,15.510000228881836,15.510000228881836,390000.0
2020-04-01 00:00:00,18.729999542236328,18.729999542236328,19.190000534057617,17.5,18.020000457763672,222600.0
2020-04-02 00:00:00,17.350000381469727,17.350000381469727,18.950000762939453,16.700000762939453,18.360000610351562,116000.0
2020-04-03 00:00:00,18.209999084472656,18.209999084472656,19.049999237060547,17.350000381469727,17.350000381469727,66500.0
2020-04-06 00:00:00,19.059999465942383,19.059999465942383,19.059999465942383,18.600000381469727,18.989999771118164,59800.0
2020-04-07 00:00:00,17.6299991607666,17.6299991607666,18.700000762939453,17.530000686645508,18.579999923706055,74600.0
2020-04-08 00:00:00,17.899999618530273,17.899999618530273,18.59000015258789,17.559999465942383,18.59000015258789,42000.0
2020-04-09 00:00:00,19.260000228881836,19.260000228881836,19.799999237060547,17.860000610351562,18.530000686645508,161400.0
2020-04-13 00:00:00,18.899999618530273,18.899999618530273,19.389999389648438,18.309999465942383,19.389999389648438,57100.0
2020-04-14 00:00:00,19.420000076293945,19.420000076293945,19.450000762939453,18.989999771118164,19.059999465942383,56200.0
2020-04-15 00:00:00,19.68000030517578,19.68000030517578,19.770000457763672,18.5,18.610000610351562,82300.0
2020-04-16 00:00:00,19.6299991607666,19.6299991607666,19.690000534057617,19.030000686645508,19.5,76600.0
2020-04-17 00:00:00,19.450000762939453,19.450000762939453,20.239999771118164,19.059999465942383,19.700000762939453,170600.0
2020-04-20 00:00:00,19.56999969482422,19.56999969482422,20.0,19.209999084472656,19.399999618530273,60900.0
2020-04-21 00:00:00,19.040000915527344,19.040000915527344,19.299999237060547,18.649999618530273,19.059999465942383,76700.0
2020-04-22 00:00:00,19.530000686645508,19.530000686645508,19.530000686645508,18.350000381469727,18.489999771118164,53200.0
2020-04-23 00:00:00,19.219999313354492,19.219999313354492,19.5,18.940000534057617,19.15999984741211,44700.0
2020-04-24 00:00:00,18.760000228881836,18.760000228881836,19.420000076293945,18.760000228881836,18.809999465942383,57800.0
2020-04-27 00:00:00,20.90999984741211,20.90999984741211,21.280000686645508,18.56999969482422,18.56999969482422,194700.0
2020-04-28 00:00:00,20.90999984741211,20.90999984741211,21.0,20.40999984741211,21.0,79200.0
2020-04-29 00:00:00,22.0,22.0,22.0,20.5,20.5,183100.0
2020-04-30 00:00:00,20.459999084472656,20.459999084472656,20.989999771118164,18.540000915527344,20.0,119300.0
2020-05-01 00:00:00,19.610000610351562,19.610000610351562,19.8799991607666,18.600000381469727,18.6200008392334,44300.0
2020-05-04 00:00:00,19.899999618530273,19.899999618530273,19.899999618530273,18.729999542236328,18.899999618530273,76300.0
2020-05-05 00:00:00,18.5,18.5,19.780000686645508,18.399999618530273,18.549999237060547,303800.0
2020-05-06 00:00:00,19.510000228881836,19.510000228881836,19.510000228881836,18.700000762939453,18.940000534057617,77800.0
2020-05-07 00:00:00,19.3700008392334,19.3700008392334,20.110000610351562,19.209999084472656,19.700000762939453,85800.0
2020-05-08 00:00:00,20.31999969482422,20.31999969482422,20.3799991607666,19.3700008392334,19.489999771118164,67700.0
2020-05-11 00:00:00,20.639999389648438,20.639999389648438,20.959999084472656,19.579999923706055,20.139999389648438,45800.0
2020-05-12 00:00:00,20.540000915527344,20.540000915527344,21.059999465942383,20.100000381469727,20.6200008392334,44000.0
2020-05-13 00:00:00,19.420000076293945,19.420000076293945,20.540000915527344,19.200000762939453,20.200000762939453,40100.0
2020-05-14 00:00:00,19.350000381469727,19.350000381469727,19.979999542236328,18.770000457763672,18.860000610351562,31700.0
2020-05-15 00:00:00,19.56999969482422,19.56999969482422,19.639999389648438,19.079999923706055,19.290000915527344,34800.0
2020-05-18 00:00:00,21.68000030517578,21.68000030517578,21.829999923706055,19.84000015258789,20.350000381469727,63400.0
2020-05-19 00:00:00,21.299999237060547,21.299999237060547,21.700000762939453,21.020000457763672,21.540000915527344,51900.0
2020-05-20 00:00:00,22.079999923706055,22.079999923706055,22.34000015258789,21.270000457763672,21.270000457763672,82100.0
2020-05-21 00:00:00,22.06999969482422,22.06999969482422,22.600000381469727,21.920000076293945,22.239999771118164,84600.0
2020-05-22 00:00:00,22.959999084472656,22.959999084472656,23.0,21.6200008392334,22.0,85300.0
2020-05-26 00:00:00,27.200000762939453,27.200000762939453,28.8700008392334,22.75,22.75,442400.0
2020-05-27 00:00:00,25.31999969482422,25.31999969482422,26.5,23.5,26.149999618530273,238600.0
2020-05-28 00:00:00,25.670000076293945,25.670000076293945,25.989999771118164,23.860000610351562,24.56999969482422,168700.0
2020-05-29 00:00:00,25.219999313354492,25.219999313354492,25.729999542236328,24.3799991607666,25.0,146400.0
2020-06-01 00:00:00,27.329999923706055,27.329999923706055,27.760000228881836,24.8799991607666,25.040000915527344,148800.0
2020-06-02 00:00:00,27.030000686645508,27.030000686645508,27.829999923706055,26.739999771118164,26.799999237060547,174400.0
2020-06-03 00:00:00,27.860000610351562,27.860000610351562,27.8700008392334,26.43000030517578,26.93000030517578,148800.0
2020-06-04 00:00:00,26.329999923706055,26.329999923706055,27.899999618530273,25.8700008392334,27.790000915527344,74200.0
2020-06-05 00:00:00,25.84000015258789,25.84000015258789,26.739999771118164,25.030000686645508,26.5,121800.0
2020-06-08 00:00:00,27.770000457763672,27.770000457763672,27.899999618530273,25.65999984741211,25.670000076293945,131900.0
2020-06-09 00:00:00,28.020000457763672,28.020000457763672,28.760000228881836,26.5,27.18000030517578,158900.0
2020-06-10 00:00:00,28.350000381469727,28.350000381469727,28.989999771118164,27.610000610351562,28.540000915527344,104300.0
2020-06-11 00:00:00,25.360000610351562,25.360000610351562,27.760000228881836,25.309999465942383,27.65999984741211,120500.0
2020-06-12 00:00:00,25.229999542236328,25.229999542236328,26.65999984741211,25.059999465942383,25.469999313354492,125300.0
2020-06-15 00:00:00,24.31999969482422,24.31999969482422,25.3799991607666,24.010000228881836,24.940000534057617,174900.0
2020-06-16 00:00:00,25.100000381469727,25.100000381469727,25.670000076293945,24.43000030517578,25.020000457763672,161800.0
2020-06-17 00:00:00,23.110000610351562,23.110000610351562,25.489999771118164,22.559999465942383,24.989999771118164,188500.0
2020-06-18 00:00:00,22.559999465942383,22.559999465942383,23.65999984741211,22.510000228881836,23.020000457763672,97500.0
2020-06-19 00:00:00,21.610000610351562,21.610000610351562,23.18000030517578,20.760000228881836,22.90999984741211,566100.0
2020-06-22 00:00:00,22.8799991607666,22.8799991607666,23.010000228881836,21.149999618530273,21.350000381469727,114500.0
2020-06-23 00:00:00,23.489999771118164,23.489999771118164,23.649999618530273,22.93000030517578,23.010000228881836,97400.0
2020-06-24 00:00:00,23.059999465942383,23.059999465942383,23.760000228881836,22.270000457763672,23.489999771118164,195700.0
2020-06-25 00:00:00,23.59000015258789,23.59000015258789,23.670000076293945,22.360000610351562,23.059999465942383,56400.0
2020-06-26 00:00:00,22.420000076293945,22.420000076293945,24.040000915527344,22.399999618530273,23.559999465942383,50500.0
2020-06-29 00:00:00,22.280000686645508,22.280000686645508,22.639999389648438,21.84000015258789,22.579999923706055,88800.0
2020-06-30 00:00:00,22.559999465942383,22.559999465942383,22.700000762939453,22.049999237060547,22.260000228881836,85900.0
2020-07-01 00:00:00,23.0,23.0,23.100000381469727,22.399999618530273,22.600000381469727,71200.0
2020-07-02 00:00:00,23.540000915527344,23.540000915527344,23.8799991607666,23.06999969482422,23.1299991607666,94800.0
2020-07-06 00:00:00,22.850000381469727,22.850000381469727,23.899999618530273,22.790000915527344,23.59000015258789,143100.0
2020-07-07 00:00:00,22.489999771118164,22.489999771118164,22.8700008392334,22.239999771118164,22.75,168400.0
2020-07-08 00:00:00,22.709999084472656,22.709999084472656,22.8700008392334,22.440000534057617,22.639999389648438,164700.0
2020-07-09 00:00:00,23.6299991607666,23.6299991607666,23.709999084472656,22.559999465942383,22.809999465942383,163400.0
2020-07-10 00:00:00,23.540000915527344,23.540000915527344,24.469999313354492,23.260000228881836,23.719999313354492,97900.0
2020-07-13 00:00:00,24.479999542236328,24.479999542236328,26.709999084472656,23.90999984741211,24.25,209800.0
2020-07-14 00:00:00,23.790000915527344,23.790000915527344,24.479999542236328,22.950000762939453,24.479999542236328,102300.0
2020-07-15 00:00:00,25.540000915527344,25.540000915527344,25.790000915527344,23.540000915527344,24.0,125400.0
2020-07-16 00:00:00,26.170000076293945,26.170000076293945,26.469999313354492,25.530000686645508,25.59000015258789,83500.0
2020-07-17 00:00:00,27.399999618530273,27.399999618530273,27.780000686645508,26.0,26.15999984741211,108000.0
2020-07-20 00:00:00,28.06999969482422,28.06999969482422,28.8700008392334,27.309999465942383,27.399999618530273,170500.0
2020-07-21 00:00:00,28.549999237060547,28.549999237060547,28.850000381469727,28.209999084472656,28.34000015258789,99000.0
2020-07-22 00:00:00,27.989999771118164,27.989999771118164,28.799999237060547,27.6200008392334,28.510000228881836,105500.0
2020-07-23 00:00:00,27.899999618530273,27.899999618530273,28.809999465942383,27.510000228881836,27.969999313354492,78000.0
2020-07-24 00:00:00,26.700000762939453,26.700000762939453,27.889999389648438,26.559999465942383,27.889999389648438,46600.0
2020-07-27 00:00:00,27.940000534057617,27.940000534057617,27.989999771118164,26.309999465942383,26.510000228881836,120700.0
2020-07-28 00:00:00,27.780000686645508,27.780000686645508,28.6299991607666,26.90999984741211,27.729999542236328,101300.0
2020-07-29 00:00:00,28.260000228881836,28.260000228881836,28.549999237060547,27.799999237060547,27.799999237060547,52200.0
2020-07-30 00:00:00,23.84000015258789,23.84000015258789,26.700000762939453,23.520000457763672,26.100000381469727,208300.0
2020-07-31 00:00:00,22.40999984741211,22.40999984741211,24.290000915527344,22.260000228881836,23.940000534057617,148800.0
2020-08-03 00:00:00,24.0,24.0,24.290000915527344,22.299999237060547,22.299999237060547,112500.0
2020-08-04 00:00:00,25.049999237060547,25.049999237060547,25.170000076293945,23.889999389648438,24.190000534057617,138400.0
2020-08-05 00:00:00,25.670000076293945,25.670000076293945,25.690000534057617,24.760000228881836,25.049999237060547,83600.0
2020-08-06 00:00:00,25.950000762939453,25.950000762939453,26.299999237060547,25.399999618530273,25.700000762939453,61700.0
2020-08-07 00:00:00,25.600000381469727,25.600000381469727,26.3799991607666,25.040000915527344,25.670000076293945,62300.0
2020-08-10 00:00:00,25.06999969482422,25.06999969482422,25.600000381469727,24.709999084472656,25.600000381469727,84200.0
2020-08-11 00:00:00,25.25,25.25,25.84000015258789,24.030000686645508,25.139999389648438,95200.0
2020-08-12 00:00:00,25.860000610351562,25.860000610351562,25.959999084472656,24.920000076293945,25.469999313354492,56300.0
2020-08-13 00:00:00,26.729999542236328,26.729999542236328,26.75,25.5,25.649999618530273,62800.0
2020-08-14 00:00:00,25.979999542236328,25.979999542236328,26.709999084472656,25.40999984741211,26.709999084472656,58800.0
2020-08-17 00:00:00,26.040000915527344,26.040000915527344,26.549999237060547,25.68000030517578,25.68000030517578,70700.0
2020-08-18 00:00:00,26.889999389648438,26.889999389648438,26.889999389648438,25.760000228881836,26.1299991607666,71600.0
2020-08-19 00:00:00,27.309999465942383,27.309999465942383,28.0,26.549999237060547,26.780000686645508,113500.0
2020-08-20 00:00:00,28.469999313354492,28.469999313354492,28.469999313354492,26.549999237060547,27.100000381469727,43900.0
2020-08-21 00:00:00,29.479999542236328,29.479999542236328,29.479999542236328,28.079999923706055,28.34000015258789,144300.0
2020-08-24 00:00:00,31.479999542236328,31.479999542236328,31.489999771118164,29.450000762939453,29.5,175300.0
2020-08-25 00:00:00,36.209999084472656,36.209999084472656,36.400001525878906,31.139999389648438,31.43000030517578,188000.0
2020-08-26 00:00:00,37.04999923706055,37.04999923706055,40.939998626708984,34.040000915527344,35.61000061035156,452700.0
2020-08-27 00:00:00,35.83000183105469,35.83000183105469,36.939998626708984,34.36000061035156,36.540000915527344,136800.0
2020-08-28 00:00:00,35.72999954223633,35.72999954223633,35.880001068115234,34.29999923706055,35.20000076293945,161200.0
2020-08-31 00:00:00,40.65999984741211,40.65999984741211,42.63999938964844,34.5099983215332,34.5099983215332,478000.0
2020-09-01 00:00:00,43.0,43.0,43.189998626708984,39.619998931884766,39.619998931884766,340100.0
2020-09-02 00:00:00,44.380001068115234,44.380001068115234,45.650001525878906,41.900001525878906,44.18000030517578,244300.0
2020-09-03 00:00:00,40.47999954223633,40.47999954223633,43.90999984741211,40.029998779296875,43.02000045776367,202500.0
2020-09-04 00:00:00,37.33000183105469,37.33000183105469,39.97999954223633,34.65999984741211,39.63999938964844,254300.0
2020-09-08 00:00:00,35.54999923706055,35.54999923706055,38.7599983215332,35.099998474121094,35.2599983215332,176500.0
2020-09-09 00:00:00,42.36000061035156,42.36000061035156,44.93000030517578,36.0,36.0,430600.0
2020-09-10 00:00:00,41.4900016784668,41.4900016784668,43.22999954223633,41.15999984741211,42.09000015258789,166700.0
2020-09-11 00:00:00,40.63999938964844,40.63999938964844,44.869998931884766,39.79999923706055,42.06999969482422,238400.0
2020-09-14 00:00:00,40.060001373291016,40.060001373291016,42.16999816894531,40.060001373291016,41.540000915527344,161900.0
2020-09-15 00:00:00,40.83000183105469,40.83000183105469,41.529998779296875,38.7599983215332,40.790000915527344,189900.0
2020-09-16 00:00:00,39.220001220703125,39.220001220703125,41.72999954223633,39.0099983215332,40.58000183105469,162100.0
2020-09-17 00:00:00,34.95000076293945,34.95000076293945,38.15999984741211,34.040000915527344,38.0099983215332,343100.0
2020-09-18 00:00:00,33.150001525878906,33.150001525878906,36.380001068115234,32.81999969482422,35.56999969482422,590900.0
2020-09-21 00:00:00,32.959999084472656,32.959999084472656,34.779998779296875,31.5,31.770000457763672,232600.0
2020-09-22 00:00:00,31.729999542236328,31.729999542236328,33.68000030517578,30.209999084472656,33.45000076293945,316300.0
2020-09-23 00:00:00,32.0,32.0,33.060001373291016,31.610000610351562,31.610000610351562,104100.0
2020-09-24 00:00:00,32.650001525878906,32.650001525878906,34.08000183105469,30.729999542236328,31.739999771118164,157100.0
2020-09-25 00:00:00,34.099998474121094,34.099998474121094,34.52000045776367,32.45000076293945,32.45000076293945,86200.0
2020-09-28 00:00:00,36.91999816894531,36.91999816894531,37.43000030517578,35.189998626708984,35.459999084472656,115100.0
2020-09-29 00:00:00,37.709999084472656,37.709999084472656,38.0,35.66999816894531,36.5,90900.0
2020-09-30 00:00:00,36.90999984741211,36.90999984741211,38.400001525878906,36.70000076293945,38.189998626708984,104200.0
2020-10-01 00:00:00,38.119998931884766,38.119998931884766,38.56999969482422,37.38999938964844,37.97999954223633,65700.0
2020-10-02 00:00:00,37.52000045776367,37.52000045776367,39.20000076293945,36.0,36.59000015258789,89500.0
2020-10-05 00:00:00,39.38999938964844,39.38999938964844,39.70000076293945,37.95000076293945,38.060001373291016,87800.0
2020-10-06 00:00:00,40.25,40.25,41.72999954223633,39.0,39.29999923706055,129300.0
2020-10-07 00:00:00,42.349998474121094,42.349998474121094,42.79999923706055,40.5099983215332,40.5099983215332,132600.0
2020-10-08 00:00:00,42.36000061035156,42.36000061035156,43.0,41.810001373291016,43.0,127100.0
2020-10-09 00:00:00,45.0,45.0,45.4900016784668,42.5099983215332,42.7400016784668,277900.0
2020-10-12 00:00:00,44.439998626708984,44.439998626708984,47.0,43.709999084472656,45.0,224800.0
2020-10-13 00:00:00,47.540000915527344,47.540000915527344,48.5,40.529998779296875,44.25,225700.0
2020-10-14 00:00:00,51.779998779296875,51.779998779296875,52.869998931884766,47.59000015258789,47.59000015258789,222700.0
2020-10-15 00:00:00,50.2400016784668,50.2400016784668,52.400001525878906,49.189998626708984,49.459999084472656,242500.0
2020-10-16 00:00:00,48.040000915527344,48.040000915527344,52.150001525878906,47.52000045776367,50.84000015258789,192100.0
2020-10-19 00:00:00,48.029998779296875,48.029998779296875,49.959999084472656,47.41999816894531,48.0,133900.0
2020-10-20 00:00:00,49.279998779296875,49.279998779296875,50.470001220703125,48.060001373291016,48.060001373291016,97900.0
2020-10-21 00:00:00,50.189998626708984,50.189998626708984,50.400001525878906,48.04999923706055,49.689998626708984,163900.0
2020-10-22 00:00:00,48.43000030517578,48.43000030517578,50.0099983215332,47.599998474121094,49.81999969482422,72800.0
2020-10-23 00:00:00,49.099998474121094,49.099998474121094,52.7400016784668,47.220001220703125,47.599998474121094,253000.0
2020-10-26 00:00:00,43.90999984741211,43.90999984741211,48.849998474121094,43.349998474121094,48.619998931884766,256900.0
2020-10-27 00:00:00,42.189998626708984,42.189998626708984,45.439998626708984,42.189998626708984,44.15999984741211,193100.0
2020-10-28 00:00:00,38.220001220703125,38.220001220703125,41.709999084472656,37.84000015258789,41.349998474121094,223500.0
2020-10-29 00:00:00,37.18000030517578,37.18000030517578,40.599998474121094,37.119998931884766,39.65999984741211,197700.0
2020-10-30 00:00:00,33.970001220703125,33.970001220703125,38.0,33.43000030517578,38.0,195600.0
2020-11-02 00:00:00,32.470001220703125,32.470001220703125,35.619998931884766,31.0,35.619998931884766,212000.0
2020-11-03 00:00:00,34.54999923706055,34.54999923706055,35.84000015258789,30.520000457763672,32.970001220703125,339600.0
2020-11-04 00:00:00,36.36000061035156,36.36000061035156,37.79999923706055,35.099998474121094,36.0,310000.0
2020-11-05 00:00:00,38.380001068115234,38.380001068115234,39.209999084472656,36.380001068115234,37.29999923706055,245000.0
2020-11-06 00:00:00,38.91999816894531,38.91999816894531,39.150001525878906,37.11000061035156,38.0,154100.0
2020-11-09 00:00:00,38.439998626708984,38.439998626708984,41.52000045776367,38.290000915527344,39.25,191000.0
2020-11-10 00:00:00,37.08000183105469,37.08000183105469,39.150001525878906,34.65999984741211,38.25,171100.0
2020-11-11 00:00:00,40.34000015258789,40.34000015258789,40.689998626708984,37.63999938964844,37.63999938964844,179100.0
2020-11-12 00:00:00,39.68000030517578,39.68000030517578,41.880001068115234,39.2400016784668,40.619998931884766,105700.0
2020-11-13 00:00:00,40.209999084472656,40.209999084472656,41.0,39.52000045776367,40.0,118100.0
2020-11-16 00:00:00,40.5,40.5,41.5,39.540000915527344,40.209999084472656,125700.0
2020-11-17 00:00:00,40.79999923706055,40.79999923706055,42.189998626708984,40.0099983215332,40.869998931884766,123100.0
2020-11-18 00:00:00,41.5099983215332,41.5099983215332,42.38999938964844,40.2400016784668,41.439998626708984,170300.0
2020-11-19 00:00:00,43.2400016784668,43.2400016784668,43.439998626708984,40.5099983215332,40.97999954223633,130000.0
2020-11-20 00:00:00,44.36000061035156,44.36000061035156,44.470001220703125,42.7400016784668,43.689998626708984,123600.0
2020-11-23 00:00:00,44.689998626708984,44.689998626708984,45.5,43.9900016784668,44.599998474121094,242100.0
2020-11-24 00:00:00,44.0,44.0,45.459999084472656,43.380001068115234,45.0,149900.0
2020-11-25 00:00:00,44.15999984741211,44.15999984741211,44.40999984741211,43.08000183105469,43.7400016784668,153400.0
2020-11-27 00:00:00,44.0,44.0,45.0,43.84000015258789,43.93000030517578,162200.0
2020-11-30 00:00:00,43.560001373291016,43.560001373291016,44.349998474121094,42.0,44.0,216000.0
2020-12-01 00:00:00,45.099998474121094,45.099998474121094,45.939998626708984,43.400001525878906,44.38999938964844,174200.0
2020-12-02 00:00:00,45.08000183105469,45.08000183105469,45.54999923706055,44.029998779296875,45.15999984741211,148800.0
2020-12-03 00:00:00,46.599998474121094,46.599998474121094,46.709999084472656,45.0,45.11000061035156,336300.0
2020-12-04 00:00:00,48.09000015258789,48.09000015258789,48.34000015258789,46.81999969482422,47.0,189300.0
2020-12-07 00:00:00,51.66999816894531,51.66999816894531,51.810001373291016,48.040000915527344,48.040000915527344,364600.0
2020-12-08 00:00:00,50.36000061035156,50.36000061035156,52.34000015258789,50.130001068115234,50.130001068115234,399000.0
2020-12-09 00:00:00,46.380001068115234,46.380001068115234,52.0,46.380001068115234,50.0099983215332,365500.0
2020-12-10 00:00:00,42.75,42.75,44.709999084472656,41.349998474121094,44.0,419600.0
2020-12-11 00:00:00,41.63999938964844,41.63999938964844,44.689998626708984,41.63999938964844,42.900001525878906,279700.0
2020-12-14 00:00:00,41.0,41.0,44.77000045776367,41.0,41.66999816894531,293900.0
2020-12-15 00:00:00,44.33000183105469,44.33000183105469,44.810001373291016,41.5,41.5,171900.0
2020-12-16 00:00:00,43.630001068115234,43.630001068115234,45.869998931884766,43.540000915527344,45.0,157000.0
2020-12-17 00:00:00,46.150001525878906,46.150001525878906,46.93000030517578,44.0,44.20000076293945,141000.0
2020-12-18 00:00:00,46.86000061035156,46.86000061035156,48.63999938964844,45.939998626708984,46.220001220703125,247200.0
2020-12-21 00:00:00,48.619998931884766,48.619998931884766,49.939998626708984,45.61000061035156,47.7599983215332,334000.0
2020-12-22 00:00:00,58.029998779296875,58.029998779296875,59.52000045776367,48.77000045776367,48.77000045776367,695700.0
2020-12-23 00:00:00,58.790000915527344,58.790000915527344,61.81999969482422,57.61000061035156,58.0,438200.0
2020-12-24 00:00:00,56.40999984741211,56.40999984741211,59.45000076293945,55.720001220703125,58.11000061035156,149600.0
2020-12-28 00:00:00,54.119998931884766,54.119998931884766,60.290000915527344,54.06999969482422,57.0,214200.0
2020-12-29 00:00:00,49.7599983215332,49.7599983215332,55.0,45.86000061035156,54.29999923706055,361200.0
2020-12-30 00:00:00,54.83000183105469,54.83000183105469,55.41999816894531,49.7599983215332,50.9900016784668,207100.0
2020-12-31 00:00:00,54.209999084472656,54.209999084472656,56.369998931884766,53.290000915527344,55.66999816894531,139200.0
2021-01-04 00:00:00,54.54999923706055,54.54999923706055,57.459999084472656,52.29999923706055,55.5,214600.0
2021-01-05 00:00:00,57.45000076293945,57.45000076293945,57.7400016784668,54.560001373291016,54.56999969482422,192800.0
2021-01-06 00:00:00,58.959999084472656,58.959999084472656,62.599998474121094,56.25,57.0,271200.0
2021-01-07 00:00:00,69.4800033569336,69.4800033569336,72.45999908447266,61.0099983215332,61.0099983215332,430900.0
2021-01-08 00:00:00,70.4000015258789,70.4000015258789,79.94000244140625,70.19999694824219,72.0,732000.0
2021-01-11 00:00:00,64.11000061035156,64.11000061035156,70.87999725341797,63.939998626708984,70.30000305175781,567400.0
2021-01-12 00:00:00,65.29000091552734,65.29000091552734,69.98999786376953,64.94000244140625,66.4000015258789,408100.0
2021-01-13 00:00:00,67.9000015258789,67.9000015258789,70.77999877929688,65.01000213623047,65.30000305175781,350500.0
2021-01-14 00:00:00,73.44999694824219,73.44999694824219,78.36000061035156,68.5,69.98999786376953,530100.0
2021-01-15 00:00:00,67.11000061035156,67.11000061035156,75.98999786376953,66.5999984741211,74.0199966430664,306100.0
2021-01-19 00:00:00,74.20999908447266,74.20999908447266,76.5,70.06999969482422,70.1500015258789,450000.0
2021-01-20 00:00:00,70.11000061035156,70.11000061035156,82.25,70.01000213623047,76.80999755859375,689600.0
2021-01-21 00:00:00,70.0,70.0,75.26000213623047,65.43000030517578,73.4000015258789,504600.0
2021-01-22 00:00:00,69.2300033569336,69.2300033569336,70.93000030517578,66.66999816894531,68.56999969482422,293700.0
2021-01-25 00:00:00,68.45999908447266,68.45999908447266,75.69000244140625,68.33000183105469,70.9000015258789,476300.0
2021-01-26 00:00:00,67.83999633789062,67.83999633789062,71.16999816894531,66.08999633789062,69.6500015258789,315700.0
2021-01-27 00:00:00,64.93000030517578,64.93000030517578,69.87999725341797,61.2599983215332,65.01000213623047,338500.0
2021-01-28 00:00:00,67.68000030517578,67.68000030517578,69.61000061035156,63.150001525878906,64.93000030517578,232100.0
2021-01-29 00:00:00,65.29000091552734,65.29000091552734,70.29000091552734,63.27000045776367,67.38999938964844,199600.0
2021-02-01 00:00:00,68.12999725341797,68.12999725341797,69.87999725341797,65.55999755859375,66.77999877929688,360100.0
2021-02-02 00:00:00,69.0,69.0,75.63999938964844,68.45999908447266,69.58000183105469,699700.0
2021-02-03 00:00:00,69.3499984741211,69.3499984741211,73.08999633789062,69.0,72.98999786376953,391300.0
2021-02-04 00:00:00,71.19999694824219,71.19999694824219,73.41999816894531,69.9000015258789,70.0,289900.0
2021-02-05 00:00:00,71.0,71.0,75.44000244140625,70.72000122070312,72.05000305175781,415200.0
2021-02-08 00:00:00,76.41999816894531,76.41999816894531,80.79000091552734,72.1500015258789,73.0,670400.0
2021-02-09 00:00:00,80.62000274658203,80.62000274658203,85.0,77.61000061035156,77.6500015258789,598500.0
2021-02-10 00:00:00,74.9800033569336,74.9800033569336,87.29000091552734,74.02999877929688,84.38999938964844,509800.0
2021-02-11 00:00:00,77.61000061035156,77.61000061035156,82.73999786376953,75.6500015258789,77.55999755859375,373400.0
2021-02-12 00:00:00,77.37000274658203,77.37000274658203,77.7699966430664,73.26000213623047,77.36000061035156,202100.0
2021-02-16 00:00:00,70.73999786376953,70.73999786376953,87.4000015258789,70.69000244140625,78.12000274658203,671400.0
2021-02-17 00:00:00,67.33000183105469,67.33000183105469,73.06999969482422,64.6500015258789,71.77999877929688,398500.0
2021-02-18 00:00:00,64.4800033569336,64.4800033569336,66.4000015258789,60.70000076293945,64.6500015258789,499400.0
2021-02-19 00:00:00,66.31999969482422,66.31999969482422,72.80000305175781,65.9800033569336,67.31999969482422,454400.0
2021-02-22 00:00:00,58.099998474121094,58.099998474121094,66.9000015258789,57.04999923706055,64.69999694824219,390000.0
2021-02-23 00:00:00,50.25,50.25,55.099998474121094,43.029998779296875,54.61000061035156,865000.0
2021-02-24 00:00:00,50.84000015258789,50.84000015258789,53.189998626708984,47.81999969482422,50.369998931884766,538500.0
2021-02-25 00:00:00,45.400001525878906,45.400001525878906,51.130001068115234,43.5099983215332,50.63999938964844,587100.0
2021-02-26 00:00:00,45.5099983215332,45.5099983215332,48.2599983215332,42.5099983215332,46.54999923706055,511900.0
2021-03-01 00:00:00,45.54999923706055,45.54999923706055,50.279998779296875,45.029998779296875,47.5,608500.0
2021-03-02 00:00:00,41.209999084472656,41.209999084472656,49.380001068115234,41.0,47.93000030517578,705500.0
2021-03-03 00:00:00,37.47999954223633,37.47999954223633,41.650001525878906,35.63999938964844,40.849998474121094,885100.0
2021-03-04 00:00:00,34.79999923706055,34.79999923706055,37.38999938964844,31.65999984741211,36.52000045776367,1069500.0
2021-03-05 00:00:00,33.4900016784668,33.4900016784668,36.689998626708984,28.450000762939453,36.689998626708984,1393100.0
2021-03-08 00:00:00,30.25,30.25,35.470001220703125,29.75,35.099998474121094,1110300.0
2021-03-09 00:00:00,38.380001068115234,38.380001068115234,38.970001220703125,32.5,33.0,1717000.0
2021-03-10 00:00:00,36.34000015258789,36.34000015258789,42.599998474121094,36.08000183105469,40.75,1129300.0
2021-03-11 00:00:00,42.560001373291016,42.560001373291016,44.0,38.5099983215332,38.58000183105469,1189800.0
2021-03-12 00:00:00,42.709999084472656,42.709999084472656,42.970001220703125,38.0099983215332,40.529998779296875,607600.0
2021-03-15 00:00:00,45.77000045776367,45.77000045776367,45.97999954223633,42.9900016784668,44.810001373291016,565200.0
2021-03-16 00:00:00,39.849998474121094,39.849998474121094,46.459999084472656,38.70000076293945,46.04999923706055,817600.0
2021-03-17 00:00:00,40.59000015258789,40.59000015258789,42.0,37.18000030517578,39.15999984741211,533200.0
2021-03-18 00:00:00,38.22999954223633,38.22999954223633,40.630001068115234,36.90999984741211,39.97999954223633,542200.0
2021-03-19 00:00:00,42.790000915527344,42.790000915527344,43.2400016784668,36.61000061035156,38.459999084472656,1613200.0
2021-03-22 00:00:00,41.18000030517578,41.18000030517578,43.90999984741211,39.65999984741211,42.97999954223633,370400.0
2021-03-23 00:00:00,38.380001068115234,38.380001068115234,41.790000915527344,37.83000183105469,41.790000915527344,404300.0
2021-03-24 00:00:00,34.11000061035156,34.11000061035156,39.22999954223633,33.58000183105469,39.22999954223633,689200.0
2021-03-25 00:00:00,34.810001373291016,34.810001373291016,34.95000076293945,31.079999923706055,32.54999923706055,849200.0
2021-03-26 00:00:00,32.470001220703125,32.470001220703125,35.7400016784668,31.0,35.0,631700.0
2021-03-29 00:00:00,32.0099983215332,32.0099983215332,33.38999938964844,31.0,32.790000915527344,412500.0
2021-03-30 00:00:00,34.4900016784668,34.4900016784668,36.09000015258789,30.0,31.139999389648438,715100.0
2021-03-31 00:00:00,35.95000076293945,35.95000076293945,37.83000183105469,35.20000076293945,35.20000076293945,686900.0
2021-04-01 00:00:00,35.91999816894531,35.91999816894531,40.66999816894531,35.90999984741211,37.779998779296875,610600.0
2021-04-05 00:00:00,35.59000015258789,35.59000015258789,37.27000045776367,35.0,36.0,296200.0
2021-04-06 00:00:00,36.029998779296875,36.029998779296875,38.220001220703125,34.0099983215332,35.369998931884766,491300.0
2021-04-07 00:00:00,33.599998474121094,33.599998474121094,37.31999969482422,32.93000030517578,36.02000045776367,318800.0
2021-04-08 00:00:00,35.150001525878906,35.150001525878906,36.29999923706055,34.56999969482422,34.70000076293945,210100.0
2021-04-09 00:00:00,34.689998626708984,34.689998626708984,34.97999954223633,33.599998474121094,34.29999923706055,240100.0
2021-04-12 00:00:00,33.939998626708984,33.939998626708984,34.20000076293945,31.90999984741211,33.939998626708984,287400.0
2021-04-13 00:00:00,35.38999938964844,35.38999938964844,36.189998626708984,34.290000915527344,34.720001220703125,450500.0
2021-04-14 00:00:00,33.93000030517578,33.93000030517578,37.099998474121094,33.720001220703125,35.099998474121094,368900.0
2021-04-15 00:00:00,33.650001525878906,33.650001525878906,35.310001373291016,33.41999816894531,34.790000915527344,292400.0
2021-04-16 00:00:00,32.7400016784668,32.7400016784668,33.68000030517578,32.0099983215332,33.68000030517578,295000.0
2021-04-19 00:00:00,30.559999465942383,30.559999465942383,32.47999954223633,29.329999923706055,32.0,396400.0
2021-04-20 00:00:00,29.84000015258789,29.84000015258789,30.709999084472656,28.700000762939453,30.079999923706055,288600.0
2021-04-21 00:00:00,31.360000610351562,31.360000610351562,31.5,28.670000076293945,29.479999542236328,338100.0
2021-04-22 00:00:00,31.850000381469727,31.850000381469727,33.2599983215332,30.90999984741211,31.65999984741211,273500.0
2021-04-23 00:00:00,32.33000183105469,32.33000183105469,33.20000076293945,31.450000762939453,31.989999771118164,132900.0
2021-04-26 00:00:00,33.869998931884766,33.869998931884766,34.08000183105469,32.189998626708984,32.400001525878906,228200.0
2021-04-27 00:00:00,33.349998474121094,33.349998474121094,34.4900016784668,32.9900016784668,33.959999084472656,148200.0
2021-04-28 00:00:00,32.869998931884766,32.869998931884766,33.439998626708984,32.13999938964844,32.95000076293945,205400.0
2021-04-29 00:00:00,30.8799991607666,30.8799991607666,32.849998474121094,29.860000610351562,32.75,313200.0
2021-04-30 00:00:00,29.920000076293945,29.920000076293945,31.280000686645508,29.6299991607666,30.299999237060547,246300.0
2021-05-03 00:00:00,28.81999969482422,28.81999969482422,30.510000228881836,28.5,30.510000228881836,331200.0
2021-05-04 00:00:00,27.469999313354492,27.469999313354492,28.31999969482422,26.56999969482422,28.149999618530273,360800.0
2021-05-05 00:00:00,27.100000381469727,27.100000381469727,28.93000030517578,26.530000686645508,27.950000762939453,268900.0
2021-05-06 00:00:00,26.579999923706055,26.579999923706055,27.020000457763672,25.399999618530273,26.799999237060547,303200.0
2021-05-07 00:00:00,26.790000915527344,26.790000915527344,29.079999923706055,26.68000030517578,27.770000457763672,478500.0
2021-05-10 00:00:00,25.049999237060547,25.049999237060547,26.850000381469727,24.6299991607666,26.799999237060547,509200.0
2021-05-11 00:00:00,25.270000457763672,25.270000457763672,26.81999969482422,23.34000015258789,23.639999389648438,584300.0
2021-05-12 00:00:00,24.440000534057617,24.440000534057617,25.559999465942383,23.84000015258789,24.65999984741211,385000.0
2021-05-13 00:00:00,23.68000030517578,23.68000030517578,26.690000534057617,22.690000534057617,25.040000915527344,426300.0
2021-05-14 00:00:00,25.610000610351562,25.610000610351562,26.799999237060547,23.43000030517578,24.020000457763672,388000.0
2021-05-17 00:00:00,23.81999969482422,23.81999969482422,25.510000228881836,23.450000762939453,24.8799991607666,294100.0
2021-05-18 00:00:00,25.790000915527344,25.790000915527344,27.469999313354492,23.450000762939453,24.579999923706055,401200.0
2021-05-19 00:00:00,25.510000228881836,25.510000228881836,25.729999542236328,24.100000381469727,24.579999923706055,231300.0
2021-05-20 00:00:00,26.079999923706055,26.079999923706055,27.700000762939453,25.920000076293945,26.040000915527344,278500.0
2021-05-21 00:00:00,26.25,26.25,26.770000457763672,25.290000915527344,26.469999313354492,320900.0
2021-05-24 00:00:00,26.139999389648438,26.139999389648438,27.1299991607666,26.110000610351562,26.5,304900.0
2021-05-25 00:00:00,25.969999313354492,25.969999313354492,27.079999923706055,25.709999084472656,26.5,149500.0
2021-05-26 00:00:00,27.719999313354492,27.719999313354492,28.34000015258789,26.030000686645508,26.030000686645508,301500.0
2021-05-27 00:00:00,27.479999542236328,27.479999542236328,28.290000915527344,26.600000381469727,27.940000534057617,203900.0
2021-05-28 00:00:00,26.989999771118164,26.989999771118164,29.530000686645508,26.940000534057617,27.75,217700.0
2021-06-01 00:00:00,26.790000915527344,26.790000915527344,28.5,26.010000228881836,27.59000015258789,158500.0
2021-06-02 00:00:00,27.940000534057617,27.940000534057617,27.940000534057617,26.579999923706055,26.6299991607666,246900.0
2021-06-03 00:00:00,27.229999542236328,27.229999542236328,27.809999465942383,26.31999969482422,27.479999542236328,314800.0
2021-06-04 00:00:00,28.190000534057617,28.190000534057617,28.84000015258789,27.579999923706055,27.579999923706055,198300.0
2021-06-07 00:00:00,28.489999771118164,28.489999771118164,28.93000030517578,27.6200008392334,28.43000030517578,215500.0
2021-06-08 00:00:00,28.209999084472656,28.209999084472656,30.260000228881836,27.530000686645508,28.8700008392334,302600.0
2021-06-09 00:00:00,28.0,28.0,29.899999618530273,27.899999618530273,28.760000228881836,236700.0
2021-06-10 00:00:00,22.889999389648438,22.889999389648438,23.969999313354492,22.700000762939453,23.75,3676600.0
2021-06-11 00:00:00,22.979999542236328,22.979999542236328,23.43000030517578,22.790000915527344,23.43000030517578,930000.0
2021-06-14 00:00:00,22.8799991607666,22.8799991607666,23.670000076293945,22.84000015258789,23.450000762939453,814600.0
2021-06-15 00:00:00,22.510000228881836,22.510000228881836,23.3799991607666,21.799999237060547,23.3799991607666,855500.0
2021-06-16 00:00:00,22.600000381469727,22.600000381469727,22.8700008392334,21.40999984741211,22.729999542236328,551700.0
2021-06-17 00:00:00,23.190000534057617,23.190000534057617,23.829999923706055,22.510000228881836,22.530000686645508,1041500.0
2021-06-18 00:00:00,23.079999923706055,23.079999923706055,24.299999237060547,23.0,23.280000686645508,1971900.0
2021-06-21 00:00:00,23.040000915527344,23.040000915527344,23.31999969482422,22.200000762939453,23.06999969482422,463500.0
2021-06-22 00:00:00,23.790000915527344,23.790000915527344,23.950000762939453,22.510000228881836,23.200000762939453,552700.0
2021-06-23 00:00:00,24.1200008392334,24.1200008392334,24.690000534057617,23.3799991607666,23.799999237060547,598000.0
2021-06-24 00:00:00,24.110000610351562,24.110000610351562,25.1200008392334,23.809999465942383,24.59000015258789,705700.0
2021-06-25 00:00:00,23.649999618530273,23.649999618530273,24.309999465942383,23.329999923706055,24.18000030517578,384900.0
2021-06-28 00:00:00,23.780000686645508,23.780000686645508,24.799999237060547,23.6200008392334,23.979999542236328,517400.0
2021-06-29 00:00:00,24.209999084472656,24.209999084472656,24.729999542236328,23.440000534057617,24.200000762939453,333900.0
2021-06-30 00:00:00,24.09000015258789,24.09000015258789,24.260000228881836,23.989999771118164,24.139999389648438,399900.0
2021-07-01 00:00:00,25.030000686645508,25.030000686645508,25.959999084472656,24.510000228881836,24.809999465942383,494300.0
2021-07-02 00:00:00,24.049999237060547,24.049999237060547,25.8799991607666,24.030000686645508,25.579999923706055,457300.0
2021-07-06 00:00:00,24.43000030517578,24.43000030517578,25.049999237060547,23.729999542236328,24.549999237060547,686400.0
2021-07-07 00:00:00,23.559999465942383,23.559999465942383,25.200000762939453,23.15999984741211,25.100000381469727,479100.0
2021-07-08 00:00:00,23.329999923706055,23.329999923706055,23.40999984741211,22.059999465942383,23.030000686645508,391000.0
2021-07-09 00:00:00,23.510000228881836,23.510000228881836,23.719999313354492,22.780000686645508,23.329999923706055,212500.0
2021-07-12 00:00:00,22.989999771118164,22.989999771118164,23.8700008392334,22.889999389648438,23.3700008392334,247100.0
2021-07-13 00:00:00,21.350000381469727,21.350000381469727,23.280000686645508,21.34000015258789,23.010000228881836,396100.0
2021-07-14 00:00:00,20.5,20.5,21.75,20.329999923706055,21.5,336300.0
2021-07-15 00:00:00,21.0,21.0,21.0,19.729999542236328,20.350000381469727,860300.0
2021-07-16 00:00:00,22.110000610351562,22.110000610351562,22.229999542236328,21.170000076293945,21.170000076293945,552000.0
2021-07-19 00:00:00,20.18000030517578,20.18000030517578,21.6299991607666,20.100000381469727,21.360000610351562,426900.0
2021-07-20 00:00:00,21.270000457763672,21.270000457763672,21.6299991607666,19.760000228881836,20.649999618530273,315900.0
2021-07-21 00:00:00,21.190000534057617,21.190000534057617,21.989999771118164,21.049999237060547,21.049999237060547,263800.0
2021-07-22 00:00:00,20.729999542236328,20.729999542236328,21.420000076293945,20.459999084472656,21.200000762939453,235600.0
2021-07-23 00:00:00,20.170000076293945,20.170000076293945,20.979999542236328,19.90999984741211,20.8799991607666,194900.0
2021-07-26 00:00:00,19.520000457763672,19.520000457763672,20.93000030517578,19.5,20.25,251700.0
2021-07-27 00:00:00,19.350000381469727,19.350000381469727,19.530000686645508,18.520000457763672,19.5,341700.0
2021-07-28 00:00:00,20.729999542236328,20.729999542236328,20.780000686645508,19.40999984741211,19.40999984741211,305600.0
2021-07-29 00:00:00,21.440000534057617,21.440000534057617,23.530000686645508,21.350000381469727,23.139999389648438,604100.0
2021-07-30 00:00:00,21.770000457763672,21.770000457763672,22.489999771118164,21.100000381469727,21.149999618530273,241200.0
2021-08-02 00:00:00,22.360000610351562,22.360000610351562,22.709999084472656,21.889999389648438,22.399999618530273,271600.0
2021-08-03 00:00:00,21.6299991607666,21.6299991607666,22.540000915527344,21.149999618530273,22.440000534057617,228300.0
2021-08-04 00:00:00,22.059999465942383,22.059999465942383,22.5,21.5,21.709999084472656,202500.0
2021-08-05 00:00:00,22.510000228881836,22.510000228881836,22.979999542236328,22.0,22.1200008392334,319000.0
2021-08-06 00:00:00,21.81999969482422,21.81999969482422,22.709999084472656,21.579999923706055,22.530000686645508,224800.0
2021-08-09 00:00:00,22.520000457763672,22.520000457763672,22.81999969482422,21.68000030517578,22.149999618530273,182100.0
2021-08-10 00:00:00,22.690000534057617,22.690000534057617,24.0,22.440000534057617,23.0,465500.0
2021-08-11 00:00:00,22.459999084472656,22.459999084472656,24.399999618530273,21.68000030517578,22.989999771118164,306600.0
2021-08-12 00:00:00,22.440000534057617,22.440000534057617,22.600000381469727,21.639999389648438,22.459999084472656,141600.0
2021-08-13 00:00:00,21.1200008392334,21.1200008392334,22.530000686645508,21.110000610351562,22.530000686645508,223500.0
2021-08-16 00:00:00,20.200000762939453,20.200000762939453,21.059999465942383,20.06999969482422,21.059999465942383,292900.0
2021-08-17 00:00:00,20.209999084472656,20.209999084472656,20.56999969482422,19.649999618530273,20.239999771118164,265700.0
2021-08-18 00:00:00,20.25,20.25,20.84000015258789,19.899999618530273,20.5,179900.0
2021-08-19 00:00:00,19.770000457763672,19.770000457763672,20.280000686645508,19.520000457763672,20.079999923706055,244300.0
2021-08-20 00:00:00,20.25,20.25,20.59000015258789,19.75,19.829999923706055,255600.0
2021-08-23 00:00:00,20.899999618530273,20.899999618530273,21.450000762939453,19.350000381469727,20.8700008392334,607100.0
2021-08-24 00:00:00,22.049999237060547,22.049999237060547,22.290000915527344,21.59000015258789,22.209999084472656,397300.0
2021-08-25 00:00:00,21.540000915527344,21.540000915527344,22.049999237060547,20.920000076293945,22.0,293100.0
2021-08-26 00:00:00,20.860000610351562,20.860000610351562,21.989999771118164,20.59000015258789,21.469999313354492,276500.0
2021-08-27 00:00:00,21.420000076293945,21.420000076293945,21.6299991607666,20.799999237060547,21.0,251600.0
2021-08-30 00:00:00,21.350000381469727,21.350000381469727,21.600000381469727,20.760000228881836,21.600000381469727,214200.0
2021-08-31 00:00:00,22.059999465942383,22.059999465942383,22.299999237060547,21.139999389648438,21.549999237060547,177500.0
2021-09-01 00:00:00,22.90999984741211,22.90999984741211,22.940000534057617,22.0,22.079999923706055,354200.0
2021-09-02 00:00:00,23.969999313354492,23.969999313354492,24.5,23.260000228881836,23.43000030517578,653400.0
2021-09-03 00:00:00,24.219999313354492,24.219999313354492,24.3700008392334,23.579999923706055,24.350000381469727,273900.0
2021-09-07 00:00:00,24.729999542236328,24.729999542236328,24.959999084472656,24.0,24.389999389648438,228900.0
2021-09-08 00:00:00,23.079999923706055,23.079999923706055,24.950000762939453,22.829999923706055,24.729999542236328,202800.0
2021-09-09 00:00:00,24.399999618530273,24.399999618530273,24.579999923706055,22.799999237060547,23.010000228881836,254600.0
2021-09-10 00:00:00,23.459999084472656,23.459999084472656,25.0,23.3799991607666,24.520000457763672,253000.0
2021-09-13 00:00:00,22.610000610351562,22.610000610351562,23.450000762939453,22.149999618530273,23.450000762939453,198600.0
2021-09-14 00:00:00,22.809999465942383,22.809999465942383,23.600000381469727,22.559999465942383,22.899999618530273,173900.0
2021-09-15 00:00:00,22.950000762939453,22.950000762939453,23.260000228881836,22.420000076293945,22.850000381469727,190800.0
2021-09-16 00:00:00,23.34000015258789,23.34000015258789,23.610000610351562,22.530000686645508,22.979999542236328,162800.0
2021-09-17 00:00:00,23.770000457763672,23.770000457763672,24.889999389648438,23.40999984741211,23.549999237060547,1140500.0
2021-09-20 00:00:00,21.440000534057617,21.440000534057617,22.940000534057617,21.0,22.739999771118164,383400.0
2021-09-21 00:00:00,21.309999465942383,21.309999465942383,21.979999542236328,21.209999084472656,21.6200008392334,186500.0
2021-09-22 00:00:00,21.889999389648438,21.889999389648438,22.219999313354492,21.399999618530273,21.559999465942383,207800.0
2021-09-23 00:00:00,22.239999771118164,22.239999771118164,22.450000762939453,21.760000228881836,22.209999084472656,161100.0
2021-09-24 00:00:00,21.600000381469727,21.600000381469727,22.170000076293945,21.18000030517578,22.0,270700.0
2021-09-27 00:00:00,21.25,21.25,21.75,20.549999237060547,21.540000915527344,177800.0
2021-09-28 00:00:00,20.030000686645508,20.030000686645508,20.959999084472656,20.0,20.770000457763672,282100.0
2021-09-29 00:00:00,19.700000762939453,19.700000762939453,20.309999465942383,19.700000762939453,20.200000762939453,276600.0
2021-09-30 00:00:00,20.100000381469727,20.100000381469727,20.600000381469727,19.8799991607666,19.899999618530273,226300.0
2021-10-01 00:00:00,19.670000076293945,19.670000076293945,20.299999237060547,19.399999618530273,20.299999237060547,266100.0
2021-10-04 00:00:00,18.93000030517578,18.93000030517578,19.719999313354492,18.5,19.670000076293945,343100.0
2021-10-05 00:00:00,19.1200008392334,19.1200008392334,19.6200008392334,18.860000610351562,19.030000686645508,298300.0
2021-10-06 00:00:00,19.270000457763672,19.270000457763672,19.5,18.719999313354492,18.81999969482422,143900.0
2021-10-07 00:00:00,19.799999237060547,19.799999237060547,20.299999237060547,19.600000381469727,19.690000534057617,191100.0
2021-10-08 00:00:00,19.43000030517578,19.43000030517578,20.219999313354492,19.3799991607666,20.0,155200.0
2021-10-11 00:00:00,19.350000381469727,19.350000381469727,19.770000457763672,19.149999618530273,19.350000381469727,143100.0
2021-10-12 00:00:00,19.6299991607666,19.6299991607666,19.969999313354492,19.299999237060547,19.450000762939453,118100.0
2021-10-13 00:00:00,20.309999465942383,20.309999465942383,20.540000915527344,19.84000015258789,19.8799991607666,159200.0
2021-10-14 00:00:00,20.770000457763672,20.770000457763672,21.110000610351562,20.270000457763672,20.649999618530273,286100.0
2021-10-15 00:00:00,20.729999542236328,20.729999542236328,21.020000457763672,20.299999237060547,21.020000457763672,167400.0
2021-10-18 00:00:00,20.549999237060547,20.549999237060547,20.889999389648438,20.34000015258789,20.579999923706055,95800.0
2021-10-19 00:00:00,22.09000015258789,22.09000015258789,22.139999389648438,20.549999237060547,20.809999465942383,236800.0
2021-10-20 00:00:00,22.239999771118164,22.239999771118164,23.329999923706055,22.200000762939453,23.1299991607666,204400.0
2021-10-21 00:00:00,22.690000534057617,22.690000534057617,23.139999389648438,22.329999923706055,22.3799991607666,163300.0
2021-10-22 00:00:00,22.170000076293945,22.170000076293945,22.59000015258789,21.850000381469727,22.579999923706055,213200.0
2021-10-25 00:00:00,23.260000228881836,23.260000228881836,23.299999237060547,22.079999923706055,22.190000534057617,261100.0
2021-10-26 00:00:00,22.489999771118164,22.489999771118164,23.479999542236328,22.149999618530273,23.450000762939453,274400.0
2021-10-27 00:00:00,22.1299991607666,22.1299991607666,22.829999923706055,22.020000457763672,22.530000686645508,170200.0
2021-10-28 00:00:00,25.170000076293945,25.170000076293945,25.950000762939453,23.360000610351562,23.459999084472656,777000.0
2021-10-29 00:00:00,24.1299991607666,24.1299991607666,25.170000076293945,24.09000015258789,25.020000457763672,246900.0
2021-11-01 00:00:00,26.139999389648438,26.139999389648438,26.149999618530273,24.280000686645508,24.5,356700.0
2021-11-02 00:00:00,25.780000686645508,25.780000686645508,26.399999618530273,25.31999969482422,26.399999618530273,219000.0
2021-11-03 00:00:00,25.959999084472656,25.959999084472656,26.15999984741211,25.15999984741211,25.670000076293945,172500.0
2021-11-04 00:00:00,27.0,27.0,27.549999237060547,26.15999984741211,26.34000015258789,634100.0
2021-11-05 00:00:00,26.030000686645508,26.030000686645508,27.479999542236328,25.81999969482422,27.479999542236328,371800.0
2021-11-08 00:00:00,27.209999084472656,27.209999084472656,27.399999618530273,26.25,26.25,218800.0
2021-11-09 00:00:00,25.700000762939453,25.700000762939453,26.860000610351562,25.59000015258789,26.81999969482422,220600.0
2021-11-10 00:00:00,24.649999618530273,24.649999618530273,25.889999389648438,24.56999969482422,25.579999923706055,212500.0
2021-11-11 00:00:00,24.690000534057617,24.690000534057617,25.229999542236328,24.360000610351562,25.229999542236328,154300.0
2021-11-12 00:00:00,25.360000610351562,25.360000610351562,25.639999389648438,24.75,24.959999084472656,159100.0
2021-11-15 00:00:00,24.799999237060547,24.799999237060547,25.860000610351562,24.479999542236328,25.719999313354492,183600.0
2021-11-16 00:00:00,25.139999389648438,25.139999389648438,25.5,23.700000762939453,24.5,347500.0
2021-11-17 00:00:00,24.34000015258789,24.34000015258789,25.309999465942383,24.270000457763672,25.309999465942383,126300.0
2021-11-18 00:00:00,24.06999969482422,24.06999969482422,24.889999389648438,23.579999923706055,24.889999389648438,178600.0
2021-11-19 00:00:00,24.350000381469727,24.350000381469727,24.59000015258789,24.030000686645508,24.110000610351562,160400.0
2021-11-22 00:00:00,23.299999237060547,23.299999237060547,24.610000610351562,22.940000534057617,24.610000610351562,273700.0
2021-11-23 00:00:00,23.309999465942383,23.309999465942383,23.559999465942383,22.280000686645508,23.049999237060547,350200.0
2021-11-24 00:00:00,24.350000381469727,24.350000381469727,24.389999389648438,22.600000381469727,23.420000076293945,215300.0
2021-11-26 00:00:00,23.610000610351562,23.610000610351562,24.059999465942383,23.18000030517578,23.280000686645508,135200.0
2021-11-29 00:00:00,23.809999465942383,23.809999465942383,24.309999465942383,23.020000457763672,24.040000915527344,268000.0
2021-11-30 00:00:00,24.350000381469727,24.350000381469727,24.479999542236328,23.049999237060547,23.549999237060547,267400.0
2021-12-01 00:00:00,22.489999771118164,22.489999771118164,24.850000381469727,22.389999389648438,24.770000457763672,268400.0
2021-12-02 00:00:00,22.530000686645508,22.530000686645508,23.639999389648438,21.760000228881836,22.549999237060547,333700.0
2021-12-03 00:00:00,21.81999969482422,21.81999969482422,22.989999771118164,21.459999084472656,22.940000534057617,337500.0
2021-12-06 00:00:00,22.5,22.5,22.68000030517578,20.899999618530273,21.979999542236328,241600.0
2021-12-07 00:00:00,23.639999389648438,23.639999389648438,24.709999084472656,23.34000015258789,23.459999084472656,218600.0
2021-12-08 00:00:00,23.780000686645508,23.780000686645508,24.329999923706055,22.700000762939453,23.610000610351562,153200.0
2021-12-09 00:00:00,23.31999969482422,23.31999969482422,24.309999465942383,23.200000762939453,24.200000762939453,227600.0
2021-12-10 00:00:00,23.5,23.5,24.489999771118164,23.299999237060547,23.790000915527344,158200.0
2021-12-13 00:00:00,22.610000610351562,22.610000610351562,23.940000534057617,22.549999237060547,23.239999771118164,196000.0
2021-12-14 00:00:00,22.229999542236328,22.229999542236328,23.020000457763672,21.579999923706055,22.479999542236328,241600.0
2021-12-15 00:00:00,23.139999389648438,23.139999389648438,23.489999771118164,21.65999984741211,22.25,359100.0
2021-12-16 00:00:00,22.540000915527344,22.540000915527344,23.719999313354492,22.299999237060547,23.440000534057617,475500.0
2021-12-17 00:00:00,24.940000534057617,24.940000534057617,25.229999542236328,21.979999542236328,22.290000915527344,918600.0
2021-12-20 00:00:00,24.219999313354492,24.219999313354492,24.799999237060547,23.360000610351562,24.059999465942383,296900.0
2021-12-21 00:00:00,25.31999969482422,25.31999969482422,25.420000076293945,24.350000381469727,24.68000030517578,229600.0
2021-12-22 00:00:00,25.110000610351562,25.110000610351562,25.940000534057617,24.540000915527344,25.350000381469727,199400.0
2021-12-23 00:00:00,24.530000686645508,24.530000686645508,25.600000381469727,24.450000762939453,25.110000610351562,148500.0
2021-12-27 00:00:00,24.670000076293945,24.670000076293945,24.829999923706055,23.899999618530273,24.440000534057617,141000.0
2021-12-28 00:00:00,24.219999313354492,24.219999313354492,25.43000030517578,24.200000762939453,24.700000762939453,183200.0
2021-12-29 00:00:00,24.270000457763672,24.270000457763672,24.5,23.65999984741211,24.350000381469727,174500.0
2021-12-30 00:00:00,25.049999237060547,25.049999237060547,26.0,24.1299991607666,24.15999984741211,281800.0
2021-12-31 00:00:00,23.8700008392334,23.8700008392334,25.65999984741211,23.780000686645508,25.09000015258789,142100.0
2022-01-03 00:00:00,24.489999771118164,24.489999771118164,24.84000015258789,23.799999237060547,24.0,173800.0
2022-01-04 00:00:00,23.350000381469727,23.350000381469727,24.559999465942383,22.5,24.559999465942383,350600.0
2022-01-05 00:00:00,21.440000534057617,21.440000534057617,23.719999313354492,21.399999618530273,23.200000762939453,374200.0
2022-01-06 00:00:00,22.1299991607666,22.1299991607666,23.09000015258789,21.209999084472656,21.8700008392334,344900.0
2022-01-07 00:00:00,22.059999465942383,22.059999465942383,23.6200008392334,21.610000610351562,22.09000015258789,257600.0
2022-01-10 00:00:00,21.93000030517578,21.93000030517578,21.940000534057617,20.670000076293945,21.5,244100.0
2022-01-11 00:00:00,22.56999969482422,22.56999969482422,22.940000534057617,21.389999389648438,21.440000534057617,216800.0
2022-01-12 00:00:00,21.389999389648438,21.389999389648438,23.5,21.290000915527344,22.8700008392334,196300.0
2022-01-13 00:00:00,20.559999465942383,20.559999465942383,21.979999542236328,20.3700008392334,21.459999084472656,302500.0
2022-01-14 00:00:00,20.700000762939453,20.700000762939453,21.170000076293945,19.799999237060547,20.5,287900.0
2022-01-18 00:00:00,19.670000076293945,19.670000076293945,21.31999969482422,19.290000915527344,20.40999984741211,473500.0
2022-01-19 00:00:00,19.610000610351562,19.610000610351562,21.010000228881836,19.489999771118164,19.989999771118164,305600.0
2022-01-20 00:00:00,19.360000610351562,19.360000610351562,21.719999313354492,19.219999313354492,19.860000610351562,415400.0
2022-01-21 00:00:00,18.34000015258789,18.34000015258789,19.899999618530273,18.219999313354492,19.209999084472656,725500.0
2022-01-24 00:00:00,19.610000610351562,19.610000610351562,19.68000030517578,17.059999465942383,18.0,648400.0
2022-01-25 00:00:00,18.579999923706055,18.579999923706055,20.0,18.110000610351562,19.200000762939453,369200.0
2022-01-26 00:00:00,18.3799991607666,18.3799991607666,20.469999313354492,18.229999542236328,19.139999389648438,388600.0
2022-01-27 00:00:00,17.969999313354492,17.969999313354492,19.350000381469727,17.8799991607666,18.780000686645508,226500.0
2022-01-28 00:00:00,18.950000762939453,18.950000762939453,19.190000534057617,17.420000076293945,18.100000381469727,340500.0
2022-01-31 00:00:00,20.510000228881836,20.510000228881836,20.579999923706055,19.239999771118164,19.239999771118164,315900.0
2022-02-01 00:00:00,20.719999313354492,20.719999313354492,21.479999542236328,20.040000915527344,21.31999969482422,364000.0
2022-02-02 00:00:00,20.09000015258789,20.09000015258789,21.200000762939453,19.540000915527344,21.110000610351562,266700.0
2022-02-03 00:00:00,19.299999237060547,19.299999237060547,20.15999984741211,19.229999542236328,19.540000915527344,240700.0
2022-02-04 00:00:00,20.110000610351562,20.110000610351562,20.530000686645508,18.600000381469727,19.3700008392334,206100.0
2022-02-07 00:00:00,20.31999969482422,20.31999969482422,21.239999771118164,19.760000228881836,20.25,175400.0
2022-02-08 00:00:00,20.799999237060547,20.799999237060547,21.0,19.959999084472656,20.489999771118164,173300.0
2022-02-09 00:00:00,21.68000030517578,21.68000030517578,22.100000381469727,20.850000381469727,21.020000457763672,243000.0
2022-02-10 00:00:00,20.989999771118164,20.989999771118164,22.610000610351562,20.709999084472656,21.25,327500.0
2022-02-11 00:00:00,20.399999618530273,20.399999618530273,22.43000030517578,20.059999465942383,21.1200008392334,297900.0
2022-02-14 00:00:00,20.350000381469727,20.350000381469727,21.229999542236328,19.979999542236328,20.209999084472656,207800.0
2022-02-15 00:00:00,21.90999984741211,21.90999984741211,21.93000030517578,20.6299991607666,20.989999771118164,203100.0
